  -5.00000000      0.203515649    
  -4.96093750      0.173831016    
  -4.92187500      0.145694166    
  -4.88281250      0.119074091    
  -4.84375000       9.39399451E-02
  -4.80468750       7.02611580E-02
  -4.76562500       4.80074137E-02
  -4.72656250       2.71486212E-02
  -4.68750000       7.65494676E-03
  -4.64843750      -1.05031887E-02
  -4.60937500      -2.73551419E-02
  -4.57031250      -4.29300107E-02
  -4.53125000      -5.72566316E-02
  -4.49218750      -7.03636408E-02
  -4.45312500      -8.22793692E-02
  -4.41406250      -9.30319428E-02
  -4.37500000     -0.102649242    
  -4.33593750     -0.111158878    
  -4.29687500     -0.118588269    
  -4.25781250     -0.124964483    
  -4.21875000     -0.130314454    
  -4.17968750     -0.134664819    
  -4.14062500     -0.138041973    
  -4.10156250     -0.140472069    
  -4.06250000     -0.141981006    
  -4.02343750     -0.142594442    
  -3.98437500     -0.142337799    
  -3.94531250     -0.141236231    
  -3.90625000     -0.139314681    
  -3.86718750     -0.136597842    
  -3.82812500     -0.133110121    
  -3.78906250     -0.128875718    
  -3.75000000     -0.123918556    
  -3.71093750     -0.118262358    
  -3.67187500     -0.111930564    
  -3.63281250     -0.104946345    
  -3.59375000      -9.73327160E-02
  -3.55468750      -8.91123563E-02
  -3.51562500      -8.03077519E-02
  -3.47656250      -7.09411129E-02
  -3.43750000      -6.10344261E-02
  -3.39843750      -5.06094173E-02
  -3.35937500      -3.96875627E-02
  -3.32031250      -2.82901358E-02
  -3.28125000      -1.64380912E-02
  -3.24218750      -4.15219786E-03
  -3.20312500       8.54703132E-03
  -3.16406250       2.16393489E-02
  -3.12500000       3.51047404E-02
  -3.08593750       4.89234440E-02
  -3.04687500       6.30759299E-02
  -3.00781250       7.75429308E-02
  -2.96875000       9.23053995E-02
  -2.92968750      0.107344568    
  -2.89062500      0.122641891    
  -2.85156250      0.138179064    
  -2.81250000      0.153938055    
  -2.77343750      0.169901058    
  -2.73437500      0.186050504    
  -2.69531250      0.202369109    
  -2.65625000      0.218839779    
  -2.61718750      0.235445693    
  -2.57812500      0.252170295    
  -2.53906250      0.268997252    
  -2.50000000      0.285910457    
  -2.46093750      0.302894086    
  -2.42187500      0.319932580    
  -2.38281250      0.337010533    
  -2.34375000      0.354112864    
  -2.30468750      0.371224731    
  -2.26562500      0.388331532    
  -2.22656250      0.405418873    
  -2.18750000      0.422472626    
  -2.14843750      0.439478993    
  -2.10937500      0.456424236    
  -2.07031250      0.473295063    
  -2.03125000      0.490078300    
  -1.99218750      0.506761014    
  -1.95312500      0.523330629    
  -1.91406250      0.539774716    
  -1.87500000      0.556081176    
  -1.83593750      0.572237968    
  -1.79687500      0.588233471    
  -1.75781250      0.604056418    
  -1.71875000      0.619695425    
  -1.67968750      0.635139704    
  -1.64062500      0.650378466    
  -1.60156250      0.665401399    
  -1.56250000      0.680198312    
  -1.52343750      0.694759071    
  -1.48437500      0.709074080    
  -1.44531250      0.723134041    
  -1.40625000      0.736929536    
  -1.36718750      0.750451744    
  -1.32812500      0.763691723    
  -1.28906250      0.776641369    
  -1.25000000      0.789292097    
  -1.21093750      0.801636100    
  -1.17187500      0.813665688    
  -1.13281250      0.825373232    
  -1.09375000      0.836751580    
  -1.05468750      0.847793758    
  -1.01562500      0.858492911    
 -0.976562500      0.868842661    
 -0.937500000      0.878836572    
 -0.898437500      0.888468742    
 -0.859375000      0.897733510    
 -0.820312500      0.906625152    
 -0.781250000      0.915138543    
 -0.742187500      0.923268378    
 -0.703125000      0.931010187    
 -0.664062500      0.938359320    
 -0.625000000      0.945311427    
 -0.585937500      0.951862574    
 -0.546875000      0.958008707    
 -0.507812500      0.963746667    
 -0.468750000      0.969072700    
 -0.429687500      0.973984003    
 -0.390625000      0.978477657    
 -0.351562500      0.982551157    
 -0.312500000      0.986202180    
 -0.273437500      0.989428580    
 -0.234375000      0.992228389    
 -0.195312500      0.994600236    
 -0.156250000      0.996542692    
 -0.117187500      0.998054683    
  -7.81250000E-02  0.999135137    
  -3.90625000E-02  0.999783814    
   0.00000000       1.00000000    
   3.90625000E-02  0.999783814    
   7.81250000E-02  0.999135196    
  0.117187500      0.998054624    
  0.156250000      0.996542752    
  0.195312500      0.994600236    
  0.234375000      0.992228448    
  0.273437500      0.989428520    
  0.312500000      0.986202180    
  0.351562500      0.982551217    
  0.390625000      0.978477716    
  0.429687500      0.973983943    
  0.468750000      0.969072700    
  0.507812500      0.963746607    
  0.546875000      0.958008707    
  0.585937500      0.951862514    
  0.625000000      0.945311427    
  0.664062500      0.938359320    
  0.703125000      0.931010246    
  0.742187500      0.923268378    
  0.781250000      0.915138483    
  0.820312500      0.906625092    
  0.859375000      0.897733450    
  0.898437500      0.888468802    
  0.937500000      0.878836513    
  0.976562500      0.868842602    
   1.01562500      0.858492970    
   1.05468750      0.847793758    
   1.09375000      0.836751640    
   1.13281250      0.825373232    
   1.17187500      0.813665569    
   1.21093750      0.801636219    
   1.25000000      0.789292097    
   1.28906250      0.776641309    
   1.32812500      0.763691783    
   1.36718750      0.750451684    
   1.40625000      0.736929595    
   1.44531250      0.723134041    
   1.48437500      0.709074140    
   1.52343750      0.694759011    
   1.56250000      0.680198193    
   1.60156250      0.665401399    
   1.64062500      0.650378525    
   1.67968750      0.635139704    
   1.71875000      0.619695425    
   1.75781250      0.604056299    
   1.79687500      0.588233531    
   1.83593750      0.572237909    
   1.87500000      0.556081116    
   1.91406250      0.539774716    
   1.95312500      0.523330569    
   1.99218750      0.506761074    
   2.03125000      0.490078270    
   2.07031250      0.473295033    
   2.10937500      0.456424206    
   2.14843750      0.439478904    
   2.18750000      0.422472686    
   2.22656250      0.405418903    
   2.26562500      0.388331503    
   2.30468750      0.371224672    
   2.34375000      0.354112774    
   2.38281250      0.337010592    
   2.42187500      0.319932580    
   2.46093750      0.302894086    
   2.50000000      0.285910398    
   2.53906250      0.268997133    
   2.57812500      0.252170354    
   2.61718750      0.235445723    
   2.65625000      0.218839765    
   2.69531250      0.202369049    
   2.73437500      0.186050400    
   2.77343750      0.169901147    
   2.81250000      0.153938100    
   2.85156250      0.138179049    
   2.89062500      0.122641824    
   2.92968750      0.107344441    
   2.96875000       9.23054814E-02
   3.00781250       7.75429606E-02
   3.04687500       6.30759001E-02
   3.08593750       4.89233583E-02
   3.12500000       3.51045989E-02
   3.16406250       2.16394365E-02
   3.20312500       8.54705088E-03
   3.24218750      -4.15222300E-03
   3.28125000      -1.64381843E-02
   3.32031250      -2.82902718E-02
   3.35937500      -3.96874584E-02
   3.39843750      -5.06093837E-02
   3.43750000      -6.10344559E-02
   3.47656250      -7.09412172E-02
   3.51562500      -8.03079233E-02
   3.55468750      -8.91122445E-02
   3.59375000      -9.73326564E-02
   3.63281250     -0.104946405    
   3.67187500     -0.111930639    
   3.71093750     -0.118262552    
   3.75000000     -0.123918802    
   3.78906250     -0.128875658    
   3.82812500     -0.133110180    
   3.86718750     -0.136597976    
   3.90625000     -0.139314890    
   3.94531250     -0.141236514    
   3.98437500     -0.142337739    
   4.02343750     -0.142594486    
   4.06250000     -0.141981110    
   4.10156250     -0.140472293    
   4.14062500     -0.138042048    
   4.17968750     -0.134665012    
   4.21875000     -0.130314499    
   4.25781250     -0.124964632    
   4.29687500     -0.118588232    
   4.33593750     -0.111158960    
   4.37500000     -0.102649443    
   4.41406250      -9.30319652E-02
   4.45312500      -8.22795108E-02
   4.49218750      -7.03639016E-02
   4.53125000      -5.72567470E-02
   4.57031250      -4.29302268E-02
   4.60937500      -2.73551717E-02
   4.64843750      -1.05033657E-02
   4.68750000       7.65465340E-03
   4.72656250       2.71485019E-02
   4.76562500       4.80071642E-02
   4.80468750       7.02611208E-02
   4.84375000       9.39397812E-02
   4.88281250      0.119073778    
   4.92187500      0.145694062    
   4.96093750      0.173830748    
   5.00000000      0.203515619    
