  -5.00000000      0.958924294    
  -4.96093750      0.907043755    
  -4.92187500      0.856207609    
  -4.88281250      0.806407750    
  -4.84375000      0.757635832    
  -4.80468750      0.709883749    
  -4.76562500      0.663143158    
  -4.72656250      0.617405891    
  -4.68750000      0.572663784    
  -4.64843750      0.528908491    
  -4.60937500      0.486131907    
  -4.57031250      0.444325715    
  -4.53125000      0.403481781    
  -4.49218750      0.363591790    
  -4.45312500      0.324647546    
  -4.41406250      0.286640823    
  -4.37500000      0.249563456    
  -4.33593750      0.213407144    
  -4.29687500      0.178163767    
  -4.25781250      0.143824995    
  -4.21875000      0.110382512    
  -4.17968750       7.78283849E-02
  -4.14062500       4.61541936E-02
  -4.10156250       1.53517211E-02
  -4.06250000      -1.45872682E-02
  -4.02343750      -4.36710007E-02
  -3.98437500      -7.19075799E-02
  -3.94531250      -9.93053541E-02
  -3.90625000     -0.125872418    
  -3.86718750     -0.151617184    
  -3.82812500     -0.176547751    
  -3.78906250     -0.200672343    
  -3.75000000     -0.223999247    
  -3.71093750     -0.246536627    
  -3.67187500     -0.268292695    
  -3.63281250     -0.289275736    
  -3.59375000     -0.309493929    
  -3.55468750     -0.328955591    
  -3.51562500     -0.347668797    
  -3.47656250     -0.365641832    
  -3.43750000     -0.382882982    
  -3.39843750     -0.399400383    
  -3.35937500     -0.415202379    
  -3.32031250     -0.430297047    
  -3.28125000     -0.444692641    
  -3.24218750     -0.458397478    
  -3.20312500     -0.471419692    
  -3.16406250     -0.483767509    
  -3.12500000     -0.495449245    
  -3.08593750     -0.506473124    
  -3.04687500     -0.516847134    
  -3.00781250     -0.526579738    
  -2.96875000     -0.535679221    
  -2.92968750     -0.544153571    
  -2.89062500     -0.552011132    
  -2.85156250     -0.559260130    
  -2.81250000     -0.565908790    
  -2.77343750     -0.571965218    
  -2.73437500     -0.577437878    
  -2.69531250     -0.582334757    
  -2.65625000     -0.586664259    
  -2.61718750     -0.590434551    
  -2.57812500     -0.593653679    
  -2.53906250     -0.596330166    
  -2.50000000     -0.598472059    
  -2.46093750     -0.600087702    
  -2.42187500     -0.601185143    
  -2.38281250     -0.601772666    
  -2.34375000     -0.601858556    
  -2.30468750     -0.601451039    
  -2.26562500     -0.600558162    
  -2.22656250     -0.599188447    
  -2.18750000     -0.597350061    
  -2.14843750     -0.595050871    
  -2.10937500     -0.592299461    
  -2.07031250     -0.589104056    
  -2.03125000     -0.585472763    
  -1.99218750     -0.581413746    
  -1.95312500     -0.576935172    
  -1.91406250     -0.572045624    
  -1.87500000     -0.566753089    
  -1.83593750     -0.561065793    
  -1.79687500     -0.554991841    
  -1.75781250     -0.548539639    
  -1.71875000     -0.541717410    
  -1.67968750     -0.534533322    
  -1.64062500     -0.526995599    
  -1.60156250     -0.519112468    
  -1.56250000     -0.510892093    
  -1.52343750     -0.502342820    
  -1.48437500     -0.493472815    
  -1.44531250     -0.484290242    
  -1.40625000     -0.474803478    
  -1.36718750     -0.465020597    
  -1.32812500     -0.454949886    
  -1.28906250     -0.444599479    
  -1.25000000     -0.433977813    
  -1.21093750     -0.423092872    
  -1.17187500     -0.411952913    
  -1.13281250     -0.400566518    
  -1.09375000     -0.388941377    
  -1.05468750     -0.377086133    
  -1.01562500     -0.365008622    
 -0.976562500     -0.352717549    
 -0.937500000     -0.340220660    
 -0.898437500     -0.327526569    
 -0.859375000     -0.314643204    
 -0.820312500     -0.301578939    
 -0.781250000     -0.288341999    
 -0.742187500     -0.274940491    
 -0.703125000     -0.261382878    
 -0.664062500     -0.247676983    
 -0.625000000     -0.233831584    
 -0.585937500     -0.219854385    
 -0.546875000     -0.205753967    
 -0.507812500     -0.191538304    
 -0.468750000     -0.177215904    
 -0.429687500     -0.162794575    
 -0.390625000     -0.148282811    
 -0.351562500     -0.133689031    
 -0.312500000     -0.119021006    
 -0.273437500     -0.104287349    
 -0.234375000      -8.94960165E-02
 -0.195312500      -7.46554434E-02
 -0.156250000      -5.97736314E-02
 -0.117187500      -4.48590331E-02
  -7.81250000E-02  -2.99196485E-02
  -3.90625000E-02  -1.49639938E-02
   0.00000000       1.49011612E-07
   3.90625000E-02   1.49641857E-02
   7.81250000E-02   2.99198907E-02
  0.117187500       4.48592678E-02
  0.156250000       5.97738624E-02
  0.195312500       7.46556818E-02
  0.234375000       8.94961879E-02
  0.273437500      0.104287557    
  0.312500000      0.119021162    
  0.351562500      0.133689255    
  0.390625000      0.148282990    
  0.429687500      0.162794843    
  0.468750000      0.177216113    
  0.507812500      0.191538513    
  0.546875000      0.205754280    
  0.585937500      0.219854623    
  0.625000000      0.233831838    
  0.664062500      0.247677252    
  0.703125000      0.261383086    
  0.742187500      0.274940610    
  0.781250000      0.288342178    
  0.820312500      0.301579297    
  0.859375000      0.314643383    
  0.898437500      0.327526838    
  0.937500000      0.340220839    
  0.976562500      0.352717787    
   1.01562500      0.365008831    
   1.05468750      0.377086371    
   1.09375000      0.388941497    
   1.13281250      0.400566727    
   1.17187500      0.411953092    
   1.21093750      0.423093081    
   1.25000000      0.433978170    
   1.28906250      0.444599688    
   1.32812500      0.454950184    
   1.36718750      0.465020716    
   1.40625000      0.474803776    
   1.44531250      0.484290391    
   1.48437500      0.493473113    
   1.52343750      0.502342939    
   1.56250000      0.510892391    
   1.60156250      0.519112885    
   1.64062500      0.526995838    
   1.67968750      0.534533739    
   1.71875000      0.541717649    
   1.75781250      0.548540115    
   1.79687500      0.554992020    
   1.83593750      0.561066091    
   1.87500000      0.566753209    
   1.91406250      0.572045982    
   1.95312500      0.576935351    
   1.99218750      0.581413984    
   2.03125000      0.585473180    
   2.07031250      0.589104235    
   2.10937500      0.592299700    
   2.14843750      0.595051110    
   2.18750000      0.597350121    
   2.22656250      0.599188864    
   2.26562500      0.600558579    
   2.30468750      0.601451337    
   2.34375000      0.601858854    
   2.38281250      0.601772904    
   2.42187500      0.601185322    
   2.46093750      0.600087881    
   2.50000000      0.598472297    
   2.53906250      0.596330345    
   2.57812500      0.593653917    
   2.61718750      0.590434909    
   2.65625000      0.586664617    
   2.69531250      0.582335114    
   2.73437500      0.577438176    
   2.77343750      0.571965575    
   2.81250000      0.565909028    
   2.85156250      0.559260368    
   2.89062500      0.552011311    
   2.92968750      0.544153750    
   2.96875000      0.535679340    
   3.00781250      0.526580274    
   3.04687500      0.516847610    
   3.08593750      0.506473482    
   3.12500000      0.495449662    
   3.16406250      0.483767897    
   3.20312500      0.471420020    
   3.24218750      0.458397746    
   3.28125000      0.444692910    
   3.32031250      0.430297226    
   3.35937500      0.415202528    
   3.39843750      0.399400562    
   3.43750000      0.382883489    
   3.47656250      0.365642339    
   3.51562500      0.347669214    
   3.55468750      0.328955978    
   3.59375000      0.309494317    
   3.63281250      0.289276063    
   3.67187500      0.268292993    
   3.71093750      0.246536866    
   3.75000000      0.223999470    
   3.78906250      0.200672507    
   3.82812500      0.176548302    
   3.86718750      0.151617691    
   3.90625000      0.125872970    
   3.94531250       9.93058011E-02
   3.98437500       7.19080120E-02
   4.02343750       4.36713248E-02
   4.06250000       1.45876389E-02
   4.10156250      -1.53513998E-02
   4.14062500      -4.61538807E-02
   4.17968750      -7.78281614E-02
   4.21875000     -0.110381924    
   4.25781250     -0.143824339    
   4.29687500     -0.178163171    
   4.33593750     -0.213406622    
   4.37500000     -0.249562994    
   4.41406250     -0.286640376    
   4.45312500     -0.324647129    
   4.49218750     -0.363591492    
   4.53125000     -0.403481513    
   4.57031250     -0.444325447    
   4.60937500     -0.486131221    
   4.64843750     -0.528907955    
   4.68750000     -0.572663188    
   4.72656250     -0.617405415    
   4.76562500     -0.663142622    
   4.80468750     -0.709883273    
   4.84375000     -0.757635474    
   4.88281250     -0.806407392    
   4.92187500     -0.856207073    
   4.96093750     -0.907043219    
   5.00000000     -0.958923817    
