  -5.00000000       3.84615399E-02
  -4.96093750      -1.26852179    
  -4.92187500      -2.22556925    
  -4.88281250      -2.89128399    
  -4.84375000      -3.31695509    
  -4.80468750      -3.54727077    
  -4.76562500      -3.62098408    
  -4.72656250      -3.57151365    
  -4.68750000      -3.42751169    
  -4.64843750      -3.21336579    
  -4.60937500      -2.94967699    
  -4.57031250      -2.65368748    
  -4.53125000      -2.33967137    
  -4.49218750      -2.01929331    
  -4.45312500      -1.70193136    
  -4.41406250      -1.39497399    
  -4.37500000      -1.10408616    
  -4.33593750     -0.833448291    
  -4.29687500     -0.585973203    
  -4.25781250     -0.363501310    
  -4.21875000     -0.166972667    
  -4.17968750       3.41771869E-03
  -4.14062500      0.148083106    
  -4.10156250      0.267923564    
  -4.06250000      0.364220083    
  -4.02343750      0.438540667    
  -3.98437500      0.492660373    
  -3.94531250      0.528491139    
  -3.90625000      0.548022330    
  -3.86718750      0.553269923    
  -3.82812500      0.546234727    
  -3.78906250      0.528867066    
  -3.75000000      0.503038824    
  -3.71093750      0.470520705    
  -3.67187500      0.432965428    
  -3.63281250      0.391895115    
  -3.59375000      0.348692656    
  -3.55468750      0.304596901    
  -3.51562500      0.260700732    
  -3.47656250      0.217951581    
  -3.43750000      0.177154616    
  -3.39843750      0.138977200    
  -3.35937500      0.103955358    
  -3.32031250       7.25010931E-02
  -3.28125000       4.49108481E-02
  -3.24218750       2.13745888E-02
  -3.20312500       1.98539067E-03
  -3.16406250      -1.32507095E-02
  -3.12500000      -2.44046822E-02
  -3.08593750      -3.16145755E-02
  -3.04687500      -3.50756124E-02
  -3.00781250      -3.50307189E-02
  -2.96875000      -3.17613184E-02
  -2.92968750      -2.55785119E-02
  -2.89062500      -1.68147795E-02
  -2.85156250      -5.81639027E-03
  -2.81250000       7.06390897E-03
  -2.77343750       2.14732252E-02
  -2.73437500       3.70646343E-02
  -2.69531250       5.35022058E-02
  -2.65625000       7.04658180E-02
  -2.61718750       8.76549333E-02
  -2.57812500      0.104792036    
  -2.53906250      0.121625371    
  -2.50000000      0.137931034    
  -2.46093750      0.153514549    
  -2.42187500      0.168211952    
  -2.38281250      0.181890309    
  -2.34375000      0.194447741    
  -2.30468750      0.205813110    
  -2.26562500      0.215945289    
  -2.22656250      0.224831969    
  -2.18750000      0.232488260    
  -2.14843750      0.238955066    
  -2.10937500      0.244296968    
  -2.07031250      0.248600259    
  -2.03125000      0.251970470    
  -1.99218750      0.254529923    
  -1.95312500      0.256415367    
  -1.91406250      0.257775247    
  -1.87500000      0.258767009    
  -1.83593750      0.259554654    
  -1.79687500      0.260305911    
  -1.75781250      0.261189967    
  -1.71875000      0.262374789    
  -1.67968750      0.264024824    
  -1.64062500      0.266298860    
  -1.60156250      0.269347876    
  -1.56250000      0.273312956    
  -1.52343750      0.278323799    
  -1.48437500      0.284497023    
  -1.44531250      0.291934550    
  -1.40625000      0.300722897    
  -1.36718750      0.310931653    
  -1.32812500      0.322613150    
  -1.28906250      0.335801542    
  -1.25000000      0.350512594    
  -1.21093750      0.366743505    
  -1.17187500      0.384473026    
  -1.13281250      0.403661370    
  -1.09375000      0.424251050    
  -1.05468750      0.446167171    
  -1.01562500      0.469318241    
 -0.976562500      0.493597209    
 -0.937500000      0.518882394    
 -0.898437500      0.545038640    
 -0.859375000      0.571918964    
 -0.820312500      0.599365532    
 -0.781250000      0.627211452    
 -0.742187500      0.655282021    
 -0.703125000      0.683397114    
 -0.664062500      0.711371839    
 -0.625000000      0.739019275    
 -0.585937500      0.766151309    
 -0.546875000      0.792581022    
 -0.507812500      0.818124115    
 -0.468750000      0.842600524    
 -0.429687500      0.865836203    
 -0.390625000      0.887664676    
 -0.351562500      0.907928407    
 -0.312500000      0.926480472    
 -0.273437500      0.943185270    
 -0.234375000      0.957920671    
 -0.195312500      0.970578313    
 -0.156250000      0.981064737    
 -0.117187500      0.989302695    
  -7.81250000E-02  0.995230854    
  -3.90625000E-02  0.998805463    
   0.00000000       1.00000000    
   3.90625000E-02  0.998805523    
   7.81250000E-02  0.995230854    
  0.117187500      0.989302635    
  0.156250000      0.981064737    
  0.195312500      0.970578253    
  0.234375000      0.957920671    
  0.273437500      0.943185329    
  0.312500000      0.926480353    
  0.351562500      0.907928467    
  0.390625000      0.887664676    
  0.429687500      0.865836203    
  0.468750000      0.842600465    
  0.507812500      0.818124294    
  0.546875000      0.792581022    
  0.585937500      0.766151369    
  0.625000000      0.739019275    
  0.664062500      0.711371958    
  0.703125000      0.683397174    
  0.742187500      0.655282021    
  0.781250000      0.627211452    
  0.820312500      0.599365592    
  0.859375000      0.571919084    
  0.898437500      0.545038879    
  0.937500000      0.518882453    
  0.976562500      0.493597388    
   1.01562500      0.469318271    
   1.05468750      0.446167231    
   1.09375000      0.424251258    
   1.13281250      0.403661728    
   1.17187500      0.384473056    
   1.21093750      0.366743475    
   1.25000000      0.350513011    
   1.28906250      0.335801721    
   1.32812500      0.322613508    
   1.36718750      0.310931772    
   1.40625000      0.300723106    
   1.44531250      0.291934758    
   1.48437500      0.284497410    
   1.52343750      0.278324157    
   1.56250000      0.273313403    
   1.60156250      0.269348174    
   1.64062500      0.266299337    
   1.67968750      0.264025062    
   1.71875000      0.262375146    
   1.75781250      0.261190057    
   1.79687500      0.260306358    
   1.83593750      0.259555340    
   1.87500000      0.258767605    
   1.91406250      0.257775754    
   1.95312500      0.256415665    
   1.99218750      0.254530400    
   2.03125000      0.251971424    
   2.07031250      0.248601049    
   2.10937500      0.244298175    
   2.14843750      0.238956079    
   2.18750000      0.232489184    
   2.22656250      0.224832550    
   2.26562500      0.215946063    
   2.30468750      0.205814838    
   2.34375000      0.194447935    
   2.38281250      0.181892887    
   2.42187500      0.168213904    
   2.46093750      0.153516561    
   2.50000000      0.137933075    
   2.53906250      0.121627949    
   2.57812500      0.104794987    
   2.61718750       8.76553059E-02
   2.65625000       7.04661906E-02
   2.69531250       5.35059534E-02
   2.73437500       3.70679758E-02
   2.77343750       2.14756578E-02
   2.81250000       7.06373109E-03
   2.85156250      -5.81289735E-03
   2.89062500      -1.68139450E-02
   2.92968750      -2.55757589E-02
   2.96875000      -3.17556486E-02
   3.00781250      -3.50257903E-02
   3.04687500      -3.50722373E-02
   3.08593750      -3.16120423E-02
   3.12500000      -2.44037490E-02
   3.16406250      -1.32450610E-02
   3.20312500       1.98881235E-03
   3.24218750       2.13830937E-02
   3.28125000       4.49141413E-02
   3.32031250       7.25033879E-02
   3.35937500      0.103964321    
   3.39843750      0.138984114    
   3.43750000      0.177150995    
   3.47656250      0.217964038    
   3.51562500      0.260699600    
   3.55468750      0.304606080    
   3.59375000      0.348704875    
   3.63281250      0.391907305    
   3.67187500      0.432979852    
   3.71093750      0.470522225    
   3.75000000      0.503044903    
   3.78906250      0.528891325    
   3.82812500      0.546233416    
   3.86718750      0.553303480    
   3.90625000      0.548060000    
   3.94531250      0.528514624    
   3.98437500      0.492668420    
   4.02343750      0.438560992    
   4.06250000      0.364243120    
   4.10156250      0.267930150    
   4.14062500      0.148103833    
   4.17968750       3.45285609E-03
   4.21875000     -0.166955948    
   4.25781250     -0.363497913    
   4.29687500     -0.585980058    
   4.33593750     -0.833439410    
   4.37500000      -1.10406411    
   4.41406250      -1.39494789    
   4.45312500      -1.70189393    
   4.49218750      -2.01924157    
   4.53125000      -2.33961964    
   4.57031250      -2.65368915    
   4.60937500      -2.94968867    
   4.64843750      -3.21338892    
   4.68750000      -3.42749882    
   4.72656250      -3.57150960    
   4.76562500      -3.62096334    
   4.80468750      -3.54711652    
   4.84375000      -3.31688452    
   4.88281250      -2.89121318    
   4.92187500      -2.22552633    
   4.96093750      -1.26849520    
   5.00000000       3.84869464E-02
