  -5.00000000      0.958924294    
  -4.96093750      0.969079971    
  -4.92187500      0.977809668    
  -4.88281250      0.985090494    
  -4.84375000      0.990903258    
  -4.80468750      0.995232046    
  -4.76562500      0.998064160    
  -4.72656250      0.999390244    
  -4.68750000      0.999204040    
  -4.64843750      0.997502089    
  -4.60937500      0.994284153    
  -4.57031250      0.989552617    
  -4.53125000      0.983312786    
  -4.49218750      0.975572526    
  -4.45312500      0.966342509    
  -4.41406250      0.955635905    
  -4.37500000      0.943468273    
  -4.33593750      0.929857850    
  -4.29687500      0.914825022    
  -4.25781250      0.898392677    
  -4.21875000      0.880585849    
  -4.17968750      0.861431718    
  -4.14062500      0.840959728    
  -4.10156250      0.819201291    
  -4.06250000      0.796189845    
  -4.02343750      0.771960795    
  -3.98437500      0.746551394    
  -3.94531250      0.720000744    
  -3.90625000      0.692349613    
  -3.86718750      0.663640440    
  -3.82812500      0.633917332    
  -3.78906250      0.603226006    
  -3.75000000      0.571613431    
  -3.71093750      0.539128065    
  -3.67187500      0.505819678    
  -3.63281250      0.471739292    
  -3.59375000      0.436939090    
  -3.55468750      0.401472270    
  -3.51562500      0.365393072    
  -3.47656250      0.328756630    
  -3.43750000      0.291618943    
  -3.39843750      0.254036725    
  -3.35937500      0.216067329    
  -3.32031250      0.177768737    
  -3.28125000      0.139199436    
  -3.24218750      0.100418180    
  -3.20312500       6.14842363E-02
  -3.16406250       2.24568807E-02
  -3.12500000      -1.66041777E-02
  -3.08593750      -5.56395538E-02
  -3.04687500      -9.45897847E-02
  -3.00781250     -0.133395255    
  -2.96875000     -0.171996787    
  -2.92968750     -0.210335806    
  -2.89062500     -0.248353660    
  -2.85156250     -0.285992444    
  -2.81250000     -0.323194712    
  -2.77343750     -0.359903842    
  -2.73437500     -0.396063805    
  -2.69531250     -0.431619436    
  -2.65625000     -0.466516405    
  -2.61718750     -0.500701904    
  -2.57812500     -0.534123302    
  -2.53906250     -0.566730082    
  -2.50000000     -0.598472238    
  -2.46093750     -0.629301429    
  -2.42187500     -0.659170449    
  -2.38281250     -0.688034058    
  -2.34375000     -0.715848029    
  -2.30468750     -0.742569864    
  -2.26562500     -0.768159151    
  -2.22656250     -0.792576373    
  -2.18750000     -0.815784454    
  -2.14843750     -0.837748051    
  -2.10937500     -0.858433723    
  -2.07031250     -0.877809823    
  -2.03125000     -0.895846546    
  -1.99218750     -0.912516594    
  -1.95312500     -0.927794755    
  -1.91406250     -0.941657066    
  -1.87500000     -0.954082847    
  -1.83593750     -0.965053260    
  -1.79687500     -0.974551141    
  -1.75781250     -0.982562125    
  -1.71875000     -0.989074230    
  -1.67968750     -0.994077086    
  -1.64062500     -0.997563362    
  -1.60156250     -0.999527693    
  -1.56250000     -0.999966919    
  -1.52343750     -0.998880506    
  -1.48437500     -0.996269882    
  -1.44531250     -0.992139697    
  -1.40625000     -0.986495078    
  -1.36718750     -0.979345798    
  -1.32812500     -0.970702291    
  -1.28906250     -0.960577607    
  -1.25000000     -0.948987544    
  -1.21093750     -0.935949326    
  -1.17187500     -0.921483219    
  -1.13281250     -0.905610740    
  -1.09375000     -0.888357162    
  -1.05468750     -0.869747877    
  -1.01562500     -0.849811792    
 -0.976562500     -0.828579009    
 -0.937500000     -0.806082010    
 -0.898437500     -0.782355547    
 -0.859375000     -0.757434964    
 -0.820312500     -0.731359005    
 -0.781250000     -0.704167426    
 -0.742187500     -0.675901234    
 -0.703125000     -0.646604240    
 -0.664062500     -0.616320074    
 -0.625000000     -0.585096002    
 -0.585937500     -0.552979589    
 -0.546875000     -0.520019174    
 -0.507812500     -0.486265600    
 -0.468750000     -0.451770008    
 -0.429687500     -0.416585177    
 -0.390625000     -0.380764782    
 -0.351562500     -0.344363660    
 -0.312500000     -0.307437122    
 -0.273437500     -0.270041227    
 -0.234375000     -0.232233912    
 -0.195312500     -0.194072172    
 -0.156250000     -0.155614376    
 -0.117187500     -0.116919100    
  -7.81250000E-02  -7.80455619E-02
  -3.90625000E-02  -3.90526317E-02
   0.00000000      -5.21540642E-07
   3.90625000E-02   3.90521549E-02
   7.81250000E-02   7.80446231E-02
  0.117187500      0.116918430    
  0.156250000      0.155613661    
  0.195312500      0.194071859    
  0.234375000      0.232233256    
  0.273437500      0.270041227    
  0.312500000      0.307436466    
  0.351562500      0.344363123    
  0.390625000      0.380764276    
  0.429687500      0.416584611    
  0.468750000      0.451769263    
  0.507812500      0.486264557    
  0.546875000      0.520018876    
  0.585937500      0.552979052    
  0.625000000      0.585095704    
  0.664062500      0.616319478    
  0.703125000      0.646603584    
  0.742187500      0.675900638    
  0.781250000      0.704166770    
  0.820312500      0.731358469    
  0.859375000      0.757435262    
  0.898437500      0.782355130    
  0.937500000      0.806082189    
  0.976562500      0.828579068    
   1.01562500      0.849811912    
   1.05468750      0.869747281    
   1.09375000      0.888356626    
   1.13281250      0.905609787    
   1.17187500      0.921482742    
   1.21093750      0.935948789    
   1.25000000      0.948986411    
   1.28906250      0.960577071    
   1.32812500      0.970701814    
   1.36718750      0.979346097    
   1.40625000      0.986494839    
   1.44531250      0.992138505    
   1.48437500      0.996270001    
   1.52343750      0.998880088    
   1.56250000      0.999966919    
   1.60156250      0.999526680    
   1.64062500      0.997563183    
   1.67968750      0.994076610    
   1.71875000      0.989073694    
   1.75781250      0.982561707    
   1.79687500      0.974549830    
   1.83593750      0.965052485    
   1.87500000      0.954084754    
   1.91406250      0.941657186    
   1.95312500      0.927793443    
   1.99218750      0.912516177    
   2.03125000      0.895848274    
   2.07031250      0.877811015    
   2.10937500      0.858434141    
   2.14843750      0.837747991    
   2.18750000      0.815784156    
   2.22656250      0.792578161    
   2.26562500      0.768159389    
   2.30468750      0.742570221    
   2.34375000      0.715848863    
   2.38281250      0.688034713    
   2.42187500      0.659168601    
   2.46093750      0.629300833    
   2.50000000      0.598472476    
   2.53906250      0.566729844    
   2.57812500      0.534122348    
   2.61718750      0.500702620    
   2.65625000      0.466517210    
   2.69531250      0.431622475    
   2.73437500      0.396063745    
   2.77343750      0.359905571    
   2.81250000      0.323196232    
   2.85156250      0.285993755    
   2.89062500      0.248353899    
   2.92968750      0.210337430    
   2.96875000      0.171999767    
   3.00781250      0.133395955    
   3.04687500       9.45884734E-02
   3.08593750       5.56423701E-02
   3.12500000       1.66078657E-02
   3.16406250      -2.24546622E-02
   3.20312500      -6.14813603E-02
   3.24218750     -0.100415289    
   3.28125000     -0.139198169    
   3.32031250     -0.177767038    
   3.35937500     -0.216066480    
   3.39843750     -0.254036963    
   3.43750000     -0.291619241    
   3.47656250     -0.328756183    
   3.51562500     -0.365389615    
   3.55468750     -0.401470482    
   3.59375000     -0.436937302    
   3.63281250     -0.471736521    
   3.67187500     -0.505819082    
   3.71093750     -0.539125025    
   3.75000000     -0.571614027    
   3.78906250     -0.603219748    
   3.82812500     -0.633910954    
   3.86718750     -0.663637936    
   3.90625000     -0.692347467    
   3.94531250     -0.719999731    
   3.98437500     -0.746549666    
   4.02343750     -0.771958292    
   4.06250000     -0.796187818    
   4.10156250     -0.819194734    
   4.14062500     -0.840963364    
   4.17968750     -0.861426950    
   4.21875000     -0.880584598    
   4.25781250     -0.898390293    
   4.29687500     -0.914811909    
   4.33593750     -0.929851830    
   4.37500000     -0.943463445    
   4.41406250     -0.955629766    
   4.45312500     -0.966338575    
   4.49218750     -0.975568056    
   4.53125000     -0.983314276    
   4.57031250     -0.989554167    
   4.60937500     -0.994280875    
   4.64843750     -0.997495234    
   4.68750000     -0.999200046    
   4.72656250     -0.999390960    
   4.76562500     -0.998055220    
   4.80468750     -0.995232403    
   4.84375000     -0.990901947    
   4.88281250     -0.985085368    
   4.92187500     -0.977802038    
   4.96093750     -0.969077528    
   5.00000000     -0.958917856    
