  -5.00000000      0.968620062    
  -4.96093750      0.973460495    
  -4.92187500      0.977920353    
  -4.88281250      0.981861413    
  -4.84375000      0.985156834    
  -4.80468750      0.987690747    
  -4.76562500      0.989357710    
  -4.72656250      0.990062535    
  -4.68750000      0.989719748    
  -4.64843750      0.988253415    
  -4.60937500      0.985596418    
  -4.57031250      0.981690347    
  -4.53125000      0.976485252    
  -4.49218750      0.969938934    
  -4.45312500      0.962016940    
  -4.41406250      0.952692032    
  -4.37500000      0.941943944    
  -4.33593750      0.929759026    
  -4.29687500      0.916129947    
  -4.25781250      0.901055396    
  -4.21875000      0.884539723    
  -4.17968750      0.866592824    
  -4.14062500      0.847229481    
  -4.10156250      0.826469600    
  -4.06250000      0.804337502    
  -4.02343750      0.780861795    
  -3.98437500      0.756075144    
  -3.94531250      0.730014145    
  -3.90625000      0.702718735    
  -3.86718750      0.674232304    
  -3.82812500      0.644601166    
  -3.78906250      0.613874614    
  -3.75000000      0.582104445    
  -3.71093750      0.549344838    
  -3.67187500      0.515652239    
  -3.63281250      0.481084943    
  -3.59375000      0.445703208    
  -3.55468750      0.409568578    
  -3.51562500      0.372744262    
  -3.47656250      0.335294574    
  -3.43750000      0.297284752    
  -3.39843750      0.258780986    
  -3.35937500      0.219850242    
  -3.32031250      0.180559710    
  -3.28125000      0.140977234    
  -3.24218750      0.101170845    
  -3.20312500       6.12084642E-02
  -3.16406250       2.11580694E-02
  -3.12500000      -1.89125706E-02
  -3.08593750      -5.89360818E-02
  -3.04687500      -9.88455489E-02
  -3.00781250     -0.138574570    
  -2.96875000     -0.178057611    
  -2.92968750     -0.217229649    
  -2.89062500     -0.256026953    
  -2.85156250     -0.294386655    
  -2.81250000     -0.332246929    
  -2.77343750     -0.369547337    
  -2.73437500     -0.406228483    
  -2.69531250     -0.442232728    
  -2.65625000     -0.477503598    
  -2.61718750     -0.511986315    
  -2.57812500     -0.545627654    
  -2.53906250     -0.578376234    
  -2.50000000     -0.610182166    
  -2.46093750     -0.640997589    
  -2.42187500     -0.670776367    
  -2.38281250     -0.699474335    
  -2.34375000     -0.727049470    
  -2.30468750     -0.753461480    
  -2.26562500     -0.778671920    
  -2.22656250     -0.802645504    
  -2.18750000     -0.825347662    
  -2.14843750     -0.846746922    
  -2.10937500     -0.866813481    
  -2.07031250     -0.885520279    
  -2.03125000     -0.902842104    
  -1.99218750     -0.918755651    
  -1.95312500     -0.933240652    
  -1.91406250     -0.946278453    
  -1.87500000     -0.957853198    
  -1.83593750     -0.967950583    
  -1.79687500     -0.976559341    
  -1.75781250     -0.983670235    
  -1.71875000     -0.989275515    
  -1.67968750     -0.993371189    
  -1.64062500     -0.995954216    
  -1.60156250     -0.997024357    
  -1.56250000     -0.996583641    
  -1.52343750     -0.994635940    
  -1.48437500     -0.991187751    
  -1.44531250     -0.986246943    
  -1.40625000     -0.979824722    
  -1.36718750     -0.971933544    
  -1.32812500     -0.962587655    
  -1.28906250     -0.951804638    
  -1.25000000     -0.939602315    
  -1.21093750     -0.926002026    
  -1.17187500     -0.911026716    
  -1.13281250     -0.894699991    
  -1.09375000     -0.877049029    
  -1.05468750     -0.858101904    
  -1.01562500     -0.837887883    
 -0.976562500     -0.816439390    
 -0.937500000     -0.793789506    
 -0.898437500     -0.769973099    
 -0.859375000     -0.745026946    
 -0.820312500     -0.718988657    
 -0.781250000     -0.691897392    
 -0.742187500     -0.663794518    
 -0.703125000     -0.634722471    
 -0.664062500     -0.604723752    
 -0.625000000     -0.573843181    
 -0.585937500     -0.542127430    
 -0.546875000     -0.509622455    
 -0.507812500     -0.476376683    
 -0.468750000     -0.442438483    
 -0.429687500     -0.407857746    
 -0.390625000     -0.372685522    
 -0.351562500     -0.336972713    
 -0.312500000     -0.300771266    
 -0.273437500     -0.264134675    
 -0.234375000     -0.227114797    
 -0.195312500     -0.189766482    
 -0.156250000     -0.152143657    
 -0.117187500     -0.114300720    
  -7.81250000E-02  -7.62921944E-02
  -3.90625000E-02  -3.81738693E-02
   0.00000000       9.56934372E-08
   3.90625000E-02   3.81740108E-02
   7.81250000E-02   7.62925893E-02
  0.117187500      0.114300936    
  0.156250000      0.152144164    
  0.195312500      0.189766735    
  0.234375000      0.227115095    
  0.273437500      0.264135003    
  0.312500000      0.300771654    
  0.351562500      0.336972803    
  0.390625000      0.372685641    
  0.429687500      0.407858253    
  0.468750000      0.442438453    
  0.507812500      0.476376712    
  0.546875000      0.509622633    
  0.585937500      0.542127311    
  0.625000000      0.573843837    
  0.664062500      0.604723930    
  0.703125000      0.634722352    
  0.742187500      0.663794875    
  0.781250000      0.691898108    
  0.820312500      0.718988776    
  0.859375000      0.745027244    
  0.898437500      0.769973278    
  0.937500000      0.793789387    
  0.976562500      0.816439450    
   1.01562500      0.837888598    
   1.05468750      0.858102083    
   1.09375000      0.877049565    
   1.13281250      0.894699931    
   1.17187500      0.911026716    
   1.21093750      0.926002622    
   1.25000000      0.939603090    
   1.28906250      0.951804936    
   1.32812500      0.962587416    
   1.36718750      0.971934259    
   1.40625000      0.979825497    
   1.44531250      0.986247778    
   1.48437500      0.991187096    
   1.52343750      0.994635820    
   1.56250000      0.996583283    
   1.60156250      0.997024000    
   1.64062500      0.995954633    
   1.67968750      0.993370473    
   1.71875000      0.989275694    
   1.75781250      0.983670533    
   1.79687500      0.976559758    
   1.83593750      0.967951477    
   1.87500000      0.957852304    
   1.91406250      0.946278512    
   1.95312500      0.933240235    
   1.99218750      0.918755710    
   2.03125000      0.902841389    
   2.07031250      0.885520697    
   2.10937500      0.866813481    
   2.14843750      0.846746325    
   2.18750000      0.825347662    
   2.22656250      0.802645564    
   2.26562500      0.778671384    
   2.30468750      0.753461838    
   2.34375000      0.727049291    
   2.38281250      0.699473500    
   2.42187500      0.670775414    
   2.46093750      0.640997469    
   2.50000000      0.610183239    
   2.53906250      0.578377485    
   2.57812500      0.545628130    
   2.61718750      0.511986554    
   2.65625000      0.477504879    
   2.69531250      0.442234159    
   2.73437500      0.406228185    
   2.77343750      0.369546413    
   2.81250000      0.332246602    
   2.85156250      0.294386923    
   2.89062500      0.256026119    
   2.92968750      0.217230633    
   2.96875000      0.178057194    
   3.00781250      0.138575271    
   3.04687500       9.88467932E-02
   3.08593750       5.89359328E-02
   3.12500000       1.89122297E-02
   3.16406250      -2.11578663E-02
   3.20312500      -6.12070560E-02
   3.24218750     -0.101170108    
   3.28125000     -0.140977174    
   3.32031250     -0.180558473    
   3.35937500     -0.219849303    
   3.39843750     -0.258781224    
   3.43750000     -0.297283858    
   3.47656250     -0.335293651    
   3.51562500     -0.372743815    
   3.55468750     -0.409568161    
   3.59375000     -0.445704013    
   3.63281250     -0.481082559    
   3.67187500     -0.515651762    
   3.71093750     -0.549344480    
   3.75000000     -0.582104206    
   3.78906250     -0.613873363    
   3.82812500     -0.644598246    
   3.86718750     -0.674228847    
   3.90625000     -0.702718914    
   3.94531250     -0.730013251    
   3.98437500     -0.756074250    
   4.02343750     -0.780859470    
   4.06250000     -0.804337025    
   4.10156250     -0.826466620    
   4.14062500     -0.847227275    
   4.17968750     -0.866591513    
   4.21875000     -0.884540021    
   4.25781250     -0.901053369    
   4.29687500     -0.916127443    
   4.33593750     -0.929756224    
   4.37500000     -0.941943109    
   4.41406250     -0.952690542    
   4.45312500     -0.962017417    
   4.49218750     -0.969937086    
   4.53125000     -0.976485848    
   4.57031250     -0.981689632    
   4.60937500     -0.985593617    
   4.64843750     -0.988249719    
   4.68750000     -0.989717841    
   4.72656250     -0.990063190    
   4.76562500     -0.989356518    
   4.80468750     -0.987687647    
   4.84375000     -0.985154986    
   4.88281250     -0.981859148    
   4.92187500     -0.977917790    
   4.96093750     -0.973459065    
   5.00000000     -0.968621671    
