  -5.00000000       3.84615399E-02
  -4.96093750       2.62540672E-03
  -4.92187500      -3.13421562E-02
  -4.88281250      -6.34786636E-02
  -4.84375000      -9.38213021E-02
  -4.80468750     -0.122406997    
  -4.76562500     -0.149272338    
  -4.72656250     -0.174453646    
  -4.68750000     -0.197986931    
  -4.64843750     -0.219907984    
  -4.60937500     -0.240252107    
  -4.57031250     -0.259054512    
  -4.53125000     -0.276350021    
  -4.49218750     -0.292173147    
  -4.45312500     -0.306558162    
  -4.41406250     -0.319539011    
  -4.37500000     -0.331149220    
  -4.33593750     -0.341422319    
  -4.29687500     -0.350391209    
  -4.25781250     -0.358088821    
  -4.21875000     -0.364547431    
  -4.17968750     -0.369799316    
  -4.14062500     -0.373876303    
  -4.10156250     -0.376809955    
  -4.06250000     -0.378631592    
  -4.02343750     -0.379372120    
  -3.98437500     -0.379062325    
  -3.94531250     -0.377732486    
  -3.90625000     -0.375412732    
  -3.86718750     -0.372132868    
  -3.82812500     -0.367922425    
  -3.78906250     -0.362810522    
  -3.75000000     -0.356826097    
  -3.71093750     -0.349997759    
  -3.67187500     -0.342353821    
  -3.63281250     -0.333922297    
  -3.59375000     -0.324730903    
  -3.55468750     -0.314807057    
  -3.51562500     -0.304177880    
  -3.47656250     -0.292870224    
  -3.43750000     -0.280910581    
  -3.39843750     -0.268325210    
  -3.35937500     -0.255140036    
  -3.32031250     -0.241380736    
  -3.28125000     -0.227072641    
  -3.24218750     -0.212240770    
  -3.20312500     -0.196909875    
  -3.16406250     -0.181104481    
  -3.12500000     -0.164848670    
  -3.08593750     -0.148166344    
  -3.04687500     -0.131081060    
  -3.00781250     -0.113616109    
  -2.96875000      -9.57944319E-02
  -2.92968750      -7.76387230E-02
  -2.89062500      -5.91713600E-02
  -2.85156250      -4.04144488E-02
  -2.81250000      -2.13897433E-02
  -2.77343750      -2.11875862E-03
  -2.73437500       1.73773188E-02
  -2.69531250       3.70775796E-02
  -2.65625000       5.69614358E-02
  -2.61718750       7.70085678E-02
  -2.57812500       9.71989706E-02
  -2.53906250      0.117512934    
  -2.50000000      0.137931034    
  -2.46093750      0.158434168    
  -2.42187500      0.179003477    
  -2.38281250      0.199620470    
  -2.34375000      0.220266908    
  -2.30468750      0.240924820    
  -2.26562500      0.261576623    
  -2.22656250      0.282204956    
  -2.18750000      0.302792728    
  -2.14843750      0.323323250    
  -2.10937500      0.343780071    
  -2.07031250      0.364146978    
  -2.03125000      0.384408176    
  -1.99218750      0.404548019    
  -1.95312500      0.424551368    
  -1.91406250      0.444403082    
  -1.87500000      0.464088678    
  -1.83593750      0.483593583    
  -1.79687500      0.502903938    
  -1.75781250      0.522005796    
  -1.71875000      0.540885627    
  -1.67968750      0.559530377    
  -1.64062500      0.577927053    
  -1.60156250      0.596063197    
  -1.56250000      0.613926351    
  -1.52343750      0.631504476    
  -1.48437500      0.648786128    
  -1.44531250      0.665759623    
  -1.40625000      0.682413936    
  -1.36718750      0.698738277    
  -1.32812500      0.714722037    
  -1.28906250      0.730355144    
  -1.25000000      0.745627522    
  -1.21093750      0.760529578    
  -1.17187500      0.775051951    
  -1.13281250      0.789185703    
  -1.09375000      0.802921951    
  -1.05468750      0.816252291    
  -1.01562500      0.829168737    
 -0.976562500      0.841663182    
 -0.937500000      0.853728116    
 -0.898437500      0.865356386    
 -0.859375000      0.876541018    
 -0.820312500      0.887275279    
 -0.781250000      0.897552669    
 -0.742187500      0.907367408    
 -0.703125000      0.916713536    
 -0.664062500      0.925585687    
 -0.625000000      0.933978438    
 -0.585937500      0.941887021    
 -0.546875000      0.949306965    
 -0.507812500      0.956233859    
 -0.468750000      0.962663651    
 -0.429687500      0.968592763    
 -0.390625000      0.974017680    
 -0.351562500      0.978935301    
 -0.312500000      0.983342886    
 -0.273437500      0.987237811    
 -0.234375000      0.990617871    
 -0.195312500      0.993481278    
 -0.156250000      0.995826304    
 -0.117187500      0.997651458    
  -7.81250000E-02  0.998956025    
  -3.90625000E-02  0.999739051    
   0.00000000       1.00000000    
   3.90625000E-02  0.999738991    
   7.81250000E-02  0.998956025    
  0.117187500      0.997651517    
  0.156250000      0.995826244    
  0.195312500      0.993481278    
  0.234375000      0.990617871    
  0.273437500      0.987237751    
  0.312500000      0.983342826    
  0.351562500      0.978935242    
  0.390625000      0.974017680    
  0.429687500      0.968592703    
  0.468750000      0.962663651    
  0.507812500      0.956233859    
  0.546875000      0.949306965    
  0.585937500      0.941887081    
  0.625000000      0.933978438    
  0.664062500      0.925585568    
  0.703125000      0.916713655    
  0.742187500      0.907367468    
  0.781250000      0.897552788    
  0.820312500      0.887275219    
  0.859375000      0.876540959    
  0.898437500      0.865356386    
  0.937500000      0.853728175    
  0.976562500      0.841663063    
   1.01562500      0.829168737    
   1.05468750      0.816252291    
   1.09375000      0.802921951    
   1.13281250      0.789185703    
   1.17187500      0.775051892    
   1.21093750      0.760529578    
   1.25000000      0.745627463    
   1.28906250      0.730355084    
   1.32812500      0.714722097    
   1.36718750      0.698738217    
   1.40625000      0.682413995    
   1.44531250      0.665759623    
   1.48437500      0.648786068    
   1.52343750      0.631504595    
   1.56250000      0.613926291    
   1.60156250      0.596063077    
   1.64062500      0.577927113    
   1.67968750      0.559530318    
   1.71875000      0.540885627    
   1.75781250      0.522005737    
   1.79687500      0.502903938    
   1.83593750      0.483593583    
   1.87500000      0.464088649    
   1.91406250      0.444403142    
   1.95312500      0.424551368    
   1.99218750      0.404547989    
   2.03125000      0.384408146    
   2.07031250      0.364147007    
   2.10937500      0.343780130    
   2.14843750      0.323323220    
   2.18750000      0.302792728    
   2.22656250      0.282204956    
   2.26562500      0.261576682    
   2.30468750      0.240924776    
   2.34375000      0.220266879    
   2.38281250      0.199620485    
   2.42187500      0.179003537    
   2.46093750      0.158434108    
   2.50000000      0.137931004    
   2.53906250      0.117512956    
   2.57812500       9.71988440E-02
   2.61718750       7.70084932E-02
   2.65625000       5.69614023E-02
   2.69531250       3.70775983E-02
   2.73437500       1.73771903E-02
   2.77343750      -2.11886014E-03
   2.81250000      -2.13897675E-02
   2.85156250      -4.04144078E-02
   2.89062500      -5.91715239E-02
   2.92968750      -7.76388347E-02
   2.96875000      -9.57944617E-02
   3.00781250     -0.113616087    
   3.04687500     -0.131081223    
   3.08593750     -0.148166448    
   3.12500000     -0.164848700    
   3.16406250     -0.181104466    
   3.20312500     -0.196910083    
   3.24218750     -0.212240860    
   3.28125000     -0.227072671    
   3.32031250     -0.241380692    
   3.35937500     -0.255140245    
   3.39843750     -0.268325329    
   3.43750000     -0.280910641    
   3.47656250     -0.292870164    
   3.51562500     -0.304178119    
   3.55468750     -0.314807177    
   3.59375000     -0.324730963    
   3.63281250     -0.333922237    
   3.67187500     -0.342354059    
   3.71093750     -0.349997908    
   3.75000000     -0.356826127    
   3.78906250     -0.362810463    
   3.82812500     -0.367922664    
   3.86718750     -0.372133046    
   3.90625000     -0.375412852    
   3.94531250     -0.377732456    
   3.98437500     -0.379062593    
   4.02343750     -0.379372299    
   4.06250000     -0.378631622    
   4.10156250     -0.376809895    
   4.14062500     -0.373876572    
   4.17968750     -0.369799495    
   4.21875000     -0.364547491    
   4.25781250     -0.358088762    
   4.29687500     -0.350391537    
   4.33593750     -0.341422468    
   4.37500000     -0.331149280    
   4.41406250     -0.319538862    
   4.45312500     -0.306558490    
   4.49218750     -0.292173386    
   4.53125000     -0.276350081    
   4.57031250     -0.259054691    
   4.60937500     -0.240252182    
   4.64843750     -0.219908163    
   4.68750000     -0.197987005    
   4.72656250     -0.174453899    
   4.76562500     -0.149272427    
   4.80468750     -0.122407198    
   4.84375000      -9.38213617E-02
   4.88281250      -6.34788796E-02
   4.92187500      -3.13422270E-02
   4.96093750       2.62517435E-03
   5.00000000       3.84614840E-02
