  -5.00000000      0.958952785    
  -4.96093750      0.969268918    
  -4.92187500      0.978118837    
  -4.88281250      0.985485792    
  -4.84375000      0.991356015    
  -4.80468750      0.995718300    
  -4.76562500      0.998564363    
  -4.72656250      0.999888539    
  -4.68750000      0.999687672    
  -4.64843750      0.997961342    
  -4.60937500      0.994711697    
  -4.57031250      0.989943266    
  -4.53125000      0.983663082    
  -4.49218750      0.975880682    
  -4.45312500      0.966607869    
  -4.41406250      0.955858946    
  -4.37500000      0.943650365    
  -4.33593750      0.930000901    
  -4.29687500      0.914931595    
  -4.25781250      0.898465633    
  -4.21875000      0.880628288    
  -4.17968750      0.861446977    
  -4.14062500      0.840951264    
  -4.10156250      0.819172442    
  -4.06250000      0.796143949    
  -4.02343750      0.771901131    
  -3.98437500      0.746481001    
  -3.94531250      0.719922423    
  -3.90625000      0.692266107    
  -3.86718750      0.663554192    
  -3.82812500      0.633830607    
  -3.78906250      0.603140652    
  -3.75000000      0.571531177    
  -3.71093750      0.539050400    
  -3.67187500      0.505747795    
  -3.63281250      0.471674234    
  -3.59375000      0.436881602    
  -3.55468750      0.401422828    
  -3.51562500      0.365352064    
  -3.47656250      0.328724265    
  -3.43750000      0.291595161    
  -3.39843750      0.254021406    
  -3.35937500      0.216060236    
  -3.32031250      0.177769512    
  -3.28125000      0.139207453    
  -3.24218750      0.100432985    
  -3.20312500       6.15050346E-02
  -3.16406250       2.24831309E-02
  -3.12500000      -1.65733080E-02
  -3.08593750      -5.56048006E-02
  -3.04687500      -9.45517719E-02
  -3.00781250     -0.133354843    
  -2.96875000     -0.171954945    
  -2.92968750     -0.210293144    
  -2.89062500     -0.248310864    
  -2.85156250     -0.285950065    
  -2.81250000     -0.323153526    
  -2.77343750     -0.359864295    
  -2.73437500     -0.396026582    
  -2.69531250     -0.431584924    
  -2.65625000     -0.466485143    
  -2.61718750     -0.500674129    
  -2.57812500     -0.534099400    
  -2.53906250     -0.566710174    
  -2.50000000     -0.598456562    
  -2.46093750     -0.629289865    
  -2.42187500     -0.659163356    
  -2.38281250     -0.688031256    
  -2.34375000     -0.715849400    
  -2.30468750     -0.742575645    
  -2.26562500     -0.768168747    
  -2.22656250     -0.792589903    
  -2.18750000     -0.815801442    
  -2.14843750     -0.837768495    
  -2.10937500     -0.858457029    
  -2.07031250     -0.877835512    
  -2.03125000     -0.895874739    
  -1.99218750     -0.912546754    
  -1.95312500     -0.927826166    
  -1.91406250     -0.941689670    
  -1.87500000     -0.954116344    
  -1.83593750     -0.965086818    
  -1.79687500     -0.974584401    
  -1.75781250     -0.982595265    
  -1.71875000     -0.989106417    
  -1.67968750     -0.994107962    
  -1.64062500     -0.997592866    
  -1.60156250     -0.999555409    
  -1.56250000     -0.999992311    
  -1.52343750     -0.998903692    
  -1.48437500     -0.996290445    
  -1.44531250     -0.992157161    
  -1.40625000     -0.986509979    
  -1.36718750     -0.979357481    
  -1.32812500     -0.970710695    
  -1.28906250     -0.960582972    
  -1.25000000     -0.948989451    
  -1.21093750     -0.935947776    
  -1.17187500     -0.921478391    
  -1.13281250     -0.905603051    
  -1.09375000     -0.888346195    
  -1.05468750     -0.869734108    
  -1.01562500     -0.849795222    
 -0.976562500     -0.828559995    
 -0.937500000     -0.806060612    
 -0.898437500     -0.782331586    
 -0.859375000     -0.757409513    
 -0.820312500     -0.731332064    
 -0.781250000     -0.704138696    
 -0.742187500     -0.675871730    
 -0.703125000     -0.646573484    
 -0.664062500     -0.616289258    
 -0.625000000     -0.585065424    
 -0.585937500     -0.552948236    
 -0.546875000     -0.519988239    
 -0.507812500     -0.486235619    
 -0.468750000     -0.451741099    
 -0.429687500     -0.416557640    
 -0.390625000     -0.380738646    
 -0.351562500     -0.344339937    
 -0.312500000     -0.307415366    
 -0.273437500     -0.270021617    
 -0.234375000     -0.232216567    
 -0.195312500     -0.194057241    
 -0.156250000     -0.155602083    
 -0.117187500     -0.116909899    
  -7.81250000E-02  -7.80390054E-02
  -3.90625000E-02  -3.90493311E-02
   0.00000000       3.38359484E-07
   3.90625000E-02   3.90493311E-02
   7.81250000E-02   7.80385882E-02
  0.117187500      0.116909571    
  0.156250000      0.155601919    
  0.195312500      0.194056675    
  0.234375000      0.232216284    
  0.273437500      0.270021141    
  0.312500000      0.307414711    
  0.351562500      0.344339371    
  0.390625000      0.380739123    
  0.429687500      0.416557282    
  0.468750000      0.451740652    
  0.507812500      0.486235499    
  0.546875000      0.519988239    
  0.585937500      0.552948713    
  0.625000000      0.585065007    
  0.664062500      0.616288960    
  0.703125000      0.646573007    
  0.742187500      0.675871313    
  0.781250000      0.704138696    
  0.820312500      0.731331110    
  0.859375000      0.757409751    
  0.898437500      0.782331049    
  0.937500000      0.806059659    
  0.976562500      0.828560114    
   1.01562500      0.849794507    
   1.05468750      0.869733691    
   1.09375000      0.888346136    
   1.13281250      0.905602753    
   1.17187500      0.921478748    
   1.21093750      0.935946524    
   1.25000000      0.948990166    
   1.28906250      0.960582197    
   1.32812500      0.970709741    
   1.36718750      0.979357421    
   1.40625000      0.986509979    
   1.44531250      0.992156804    
   1.48437500      0.996290743    
   1.52343750      0.998904705    
   1.56250000      0.999991775    
   1.60156250      0.999553323    
   1.64062500      0.997591257    
   1.67968750      0.994108975    
   1.71875000      0.989106655    
   1.75781250      0.982594788    
   1.79687500      0.974584162    
   1.83593750      0.965085626    
   1.87500000      0.954115212    
   1.91406250      0.941689253    
   1.95312500      0.927827477    
   1.99218750      0.912545145    
   2.03125000      0.895873845    
   2.07031250      0.877836227    
   2.10937500      0.858456552    
   2.14843750      0.837766945    
   2.18750000      0.815803468    
   2.22656250      0.792587876    
   2.26562500      0.768170536    
   2.30468750      0.742575467    
   2.34375000      0.715851247    
   2.38281250      0.688031018    
   2.42187500      0.659161150    
   2.46093750      0.629289091    
   2.50000000      0.598455787    
   2.53906250      0.566710413    
   2.57812500      0.534100354    
   2.61718750      0.500673771    
   2.65625000      0.466481686    
   2.69531250      0.431584239    
   2.73437500      0.396028012    
   2.77343750      0.359865069    
   2.81250000      0.323150158    
   2.85156250      0.285947651    
   2.89062500      0.248312593    
   2.92968750      0.210293069    
   2.96875000      0.171952680    
   3.00781250      0.133354321    
   3.04687500       9.45506915E-02
   3.08593750       5.56068718E-02
   3.12500000       1.65766049E-02
   3.16406250      -2.24841051E-02
   3.20312500      -6.15033992E-02
   3.24218750     -0.100431301    
   3.28125000     -0.139202043    
   3.32031250     -0.177764490    
   3.35937500     -0.216058105    
   3.39843750     -0.254024833    
   3.43750000     -0.291599274    
   3.47656250     -0.328725368    
   3.51562500     -0.365352333    
   3.55468750     -0.401422173    
   3.59375000     -0.436885864    
   3.63281250     -0.471672654    
   3.67187500     -0.505748630    
   3.71093750     -0.539056122    
   3.75000000     -0.571540356    
   3.78906250     -0.603144944    
   3.82812500     -0.633831322    
   3.86718750     -0.663554788    
   3.90625000     -0.692271292    
   3.94531250     -0.719926298    
   3.98437500     -0.746484339    
   4.02343750     -0.771900833    
   4.06250000     -0.796147764    
   4.10156250     -0.819169164    
   4.14062500     -0.840947568    
   4.17968750     -0.861439764    
   4.21875000     -0.880631208    
   4.25781250     -0.898459375    
   4.29687500     -0.914931118    
   4.33593750     -0.930009544    
   4.37500000     -0.943649530    
   4.41406250     -0.955868363    
   4.45312500     -0.966610551    
   4.49218750     -0.975888193    
   4.53125000     -0.983675122    
   4.57031250     -0.989937901    
   4.60937500     -0.994712114    
   4.64843750     -0.997950137    
   4.68750000     -0.999690533    
   4.72656250     -0.999888182    
   4.76562500     -0.998570919    
   4.80468750     -0.995706201    
   4.84375000     -0.991369963    
   4.88281250     -0.985499799    
   4.92187500     -0.978124380    
   4.96093750     -0.969278753    
   5.00000000     -0.958936572    
