  -5.00000000       4.43912633E-02
  -4.96093750       3.38473618E-02
  -4.92187500       3.45962793E-02
  -4.88281250       3.93080227E-02
  -4.84375000       4.40784171E-02
  -4.80468750       4.71989512E-02
  -4.76562500       4.82800305E-02
  -4.72656250       4.76442538E-02
  -4.68750000       4.59228568E-02
  -4.64843750       4.38019820E-02
  -4.60937500       4.18769270E-02
  -4.57031250       4.05817628E-02
  -4.53125000       4.01693992E-02
  -4.49218750       4.07233052E-02
  -4.45312500       4.21871655E-02
  -4.41406250       4.44025174E-02
  -4.37500000       4.71477620E-02
  -4.33593750       5.01740314E-02
  -4.29687500       5.32354303E-02
  -4.25781250       5.61124384E-02
  -4.21875000       5.86281121E-02
  -4.17968750       6.06575385E-02
  -4.14062500       6.21313117E-02
  -4.10156250       6.30340204E-02
  -4.06250000       6.33989424E-02
  -4.02343750       6.32999912E-02
  -3.98437500       6.28419891E-02
  -3.94531250       6.21502660E-02
  -3.90625000       6.13602065E-02
  -3.86718750       6.06075861E-02
  -3.82812500       6.00199960E-02
  -3.78906250       5.97097762E-02
  -3.75000000       5.97686172E-02
  -3.71093750       6.02639169E-02
  -3.67187500       6.12368472E-02
  -3.63281250       6.27020076E-02
  -3.59375000       6.46485239E-02
  -3.55468750       6.70423657E-02
  -3.51562500       6.98296353E-02
  -3.47656250       7.29405209E-02
  -3.43750000       7.62937516E-02
  -3.39843750       7.98012614E-02
  -3.35937500       8.33727866E-02
  -3.32031250       8.69203061E-02
  -3.28125000       9.03620273E-02
  -3.24218750       9.36259106E-02
  -3.20312500       9.66525078E-02
  -3.16406250       9.93971825E-02
  -3.12500000      0.101831488    
  -3.08593750      0.103943929    
  -3.04687500      0.105739944    
  -3.00781250      0.107241236    
  -2.96875000      0.108484559    
  -2.92968750      0.109519869    
  -2.89062500      0.110408254    
  -2.85156250      0.111219361    
  -2.81250000      0.112028696    
  -2.77343750      0.112914883    
  -2.73437500      0.113956802    
  -2.69531250      0.115230918    
  -2.65625000      0.116808765    
  -2.61718750      0.118754677    
  -2.57812500      0.121123865    
  -2.53906250      0.123960845    
  -2.50000000      0.127298310    
  -2.46093750      0.131156445    
  -2.42187500      0.135542601    
  -2.38281250      0.140451521    
  -2.34375000      0.145865873    
  -2.30468750      0.151757270    
  -2.26562500      0.158087581    
  -2.22656250      0.164810538    
  -2.18750000      0.171873644    
  -2.14843750      0.179220214    
  -2.10937500      0.186791539    
  -2.07031250      0.194529116    
  -2.03125000      0.202376947    
  -1.99218750      0.210283607    
  -1.95312500      0.218204319    
  -1.91406250      0.226102769    
  -1.87500000      0.233952731    
  -1.83593750      0.241739288    
  -1.79687500      0.249460056    
  -1.75781250      0.257125586    
  -1.71875000      0.264759868    
  -1.67968750      0.272400051    
  -1.64062500      0.280096233    
  -1.60156250      0.287910551    
  -1.56250000      0.295915902    
  -1.52343750      0.304194689    
  -1.48437500      0.312836945    
  -1.44531250      0.321938246    
  -1.40625000      0.331597626    
  -1.36718750      0.341915131    
  -1.32812500      0.352989137    
  -1.28906250      0.364914209    
  -1.25000000      0.377778083    
  -1.21093750      0.391659379    
  -1.17187500      0.406625271    
  -1.13281250      0.422729075    
  -1.09375000      0.440008312    
  -1.05468750      0.458482713    
  -1.01562500      0.478153110    
 -0.976562500      0.498999864    
 -0.937500000      0.520982385    
 -0.898437500      0.544038177    
 -0.859375000      0.568083405    
 -0.820312500      0.593012691    
 -0.781250000      0.618700266    
 -0.742187500      0.645000339    
 -0.703125000      0.671749711    
 -0.664062500      0.698768497    
 -0.625000000      0.725862920    
 -0.585937500      0.752827227    
 -0.546875000      0.779447019    
 -0.507812500      0.805501461    
 -0.468750000      0.830766559    
 -0.429687500      0.855018497    
 -0.390625000      0.878036320    
 -0.351562500      0.899605632    
 -0.312500000      0.919521272    
 -0.273437500      0.937590659    
 -0.234375000      0.953635991    
 -0.195312500      0.967498243    
 -0.156250000      0.979037821    
 -0.117187500      0.988137603    
  -7.81250000E-02  0.994705200    
  -3.90625000E-02  0.998672843    
   0.00000000       1.00000000    
   3.90625000E-02  0.998672783    
   7.81250000E-02  0.994705200    
  0.117187500      0.988137722    
  0.156250000      0.979037762    
  0.195312500      0.967498422    
  0.234375000      0.953636110    
  0.273437500      0.937590837    
  0.312500000      0.919521332    
  0.351562500      0.899605751    
  0.390625000      0.878036439    
  0.429687500      0.855018497    
  0.468750000      0.830766618    
  0.507812500      0.805501461    
  0.546875000      0.779447019    
  0.585937500      0.752827346    
  0.625000000      0.725862801    
  0.664062500      0.698768437    
  0.703125000      0.671749771    
  0.742187500      0.645000279    
  0.781250000      0.618699968    
  0.820312500      0.593012691    
  0.859375000      0.568083405    
  0.898437500      0.544037819    
  0.937500000      0.520982146    
  0.976562500      0.498999327    
   1.01562500      0.478153080    
   1.05468750      0.458482027    
   1.09375000      0.440008461    
   1.13281250      0.422728181    
   1.17187500      0.406624824    
   1.21093750      0.391659170    
   1.25000000      0.377777576    
   1.28906250      0.364914000    
   1.32812500      0.352989316    
   1.36718750      0.341913730    
   1.40625000      0.331596732    
   1.44531250      0.321936846    
   1.48437500      0.312837601    
   1.52343750      0.304194272    
   1.56250000      0.295914948    
   1.60156250      0.287911236    
   1.64062500      0.280093729    
   1.67968750      0.272398144    
   1.71875000      0.264760941    
   1.75781250      0.257127553    
   1.79687500      0.249461979    
   1.83593750      0.241735309    
   1.87500000      0.233949795    
   1.91406250      0.226099834    
   1.95312500      0.218203112    
   1.99218750      0.210283086    
   2.03125000      0.202378646    
   2.07031250      0.194527075    
   2.10937500      0.186786532    
   2.14843750      0.179215565    
   2.18750000      0.171875730    
   2.22656250      0.164802030    
   2.26562500      0.158084542    
   2.30468750      0.151754260    
   2.34375000      0.145869955    
   2.38281250      0.140437990    
   2.42187500      0.135547012    
   2.46093750      0.131164640    
   2.50000000      0.127308756    
   2.53906250      0.123952508    
   2.57812500      0.121133491    
   2.61718750      0.118763849    
   2.65625000      0.116814911    
   2.69531250      0.115227483    
   2.73437500      0.113965638    
   2.77343750      0.112935029    
   2.81250000      0.112022214    
   2.85156250      0.111206599    
   2.89062500      0.110432006    
   2.92968750      0.109541684    
   2.96875000      0.108513273    
   3.00781250      0.107277855    
   3.04687500      0.105768129    
   3.08593750      0.103954308    
   3.12500000      0.101816140    
   3.16406250       9.93801355E-02
   3.20312500       9.66152847E-02
   3.24218750       9.35993120E-02
   3.28125000       9.03992280E-02
   3.32031250       8.68682936E-02
   3.35937500       8.34980384E-02
   3.39843750       7.97575042E-02
   3.43750000       7.62446970E-02
   3.47656250       7.28230178E-02
   3.51562500       6.96663409E-02
   3.55468750       6.71592131E-02
   3.59375000       6.46051913E-02
   3.63281250       6.27010837E-02
   3.67187500       6.13953061E-02
   3.71093750       6.04301244E-02
   3.75000000       5.99671714E-02
   3.78906250       5.95383644E-02
   3.82812500       5.98990656E-02
   3.86718750       6.07617274E-02
   3.90625000       6.15871474E-02
   3.94531250       6.21936433E-02
   3.98437500       6.30833358E-02
   4.02343750       6.35101944E-02
   4.06250000       6.36137947E-02
   4.10156250       6.27412573E-02
   4.14062500       6.22171685E-02
   4.17968750       6.03821352E-02
   4.21875000       5.79365790E-02
   4.25781250       5.59020303E-02
   4.29687500       5.31820469E-02
   4.33593750       5.06707951E-02
   4.37500000       4.70619872E-02
   4.41406250       4.35864255E-02
   4.45312500       4.16656360E-02
   4.49218750       4.08514366E-02
   4.53125000       4.07027379E-02
   4.57031250       3.98413949E-02
   4.60937500       4.16632183E-02
   4.64843750       4.35626060E-02
   4.68750000       4.59792018E-02
   4.72656250       4.71817330E-02
   4.76562500       4.85830158E-02
   4.80468750       4.70628217E-02
   4.84375000       4.36962880E-02
   4.88281250       3.62522900E-02
   4.92187500       3.31870019E-02
   4.96093750       3.29891108E-02
   5.00000000       4.22544740E-02
