  -5.00000000       1.28843737    
  -4.96093750       1.23989272    
  -4.92187500       1.19225347    
  -4.88281250       1.14551246    
  -4.84375000       1.09966266    
  -4.80468750       1.05469680    
  -4.76562500       1.01060784    
  -4.72656250      0.967388511    
  -4.68750000      0.925031900    
  -4.64843750      0.883530676    
  -4.60937500      0.842877865    
  -4.57031250      0.803066254    
  -4.53125000      0.764088750    
  -4.49218750      0.725938201    
  -4.45312500      0.688607514    
  -4.41406250      0.652089477    
  -4.37500000      0.616376996    
  -4.33593750      0.581463039    
  -4.29687500      0.547340333    
  -4.25781250      0.514001846    
  -4.21875000      0.481440425    
  -4.17968750      0.449648917    
  -4.14062500      0.418620229    
  -4.10156250      0.388347208    
  -4.06250000      0.358822733    
  -4.02343750      0.330039650    
  -3.98437500      0.301990867    
  -3.94531250      0.274669290    
  -3.90625000      0.248067692    
  -3.86718750      0.222178981    
  -3.82812500      0.196996078    
  -3.78906250      0.172511786    
  -3.75000000      0.148718983    
  -3.71093750      0.125610605    
  -3.67187500      0.103179462    
  -3.63281250       8.14184174E-02
  -3.59375000       6.03204034E-02
  -3.55468750       3.98783050E-02
  -3.51562500       2.00848468E-02
  -3.47656250       9.33040283E-04
  -3.43750000      -1.75842363E-02
  -3.39843750      -3.54742706E-02
  -3.35937500      -5.27440347E-02
  -3.32031250      -6.94006532E-02
  -3.28125000      -8.54513422E-02
  -3.24218750     -0.100903228    
  -3.20312500     -0.115763344    
  -3.16406250     -0.130038917    
  -3.12500000     -0.143737093    
  -3.08593750     -0.156864882    
  -3.04687500     -0.169429511    
  -3.00781250     -0.181438133    
  -2.96875000     -0.192897737    
  -2.92968750     -0.203815490    
  -2.89062500     -0.214198709    
  -2.85156250     -0.224054322    
  -2.81250000     -0.233389437    
  -2.77343750     -0.242211431    
  -2.73437500     -0.250527203    
  -2.69531250     -0.258343846    
  -2.65625000     -0.265668660    
  -2.61718750     -0.272508740    
  -2.57812500     -0.278871089    
  -2.53906250     -0.284763098    
  -2.50000000     -0.290191531    
  -2.46093750     -0.295163751    
  -2.42187500     -0.299686879    
  -2.38281250     -0.303768098    
  -2.34375000     -0.307414323    
  -2.30468750     -0.310632885    
  -2.26562500     -0.313430756    
  -2.22656250     -0.315815181    
  -2.18750000     -0.317793310    
  -2.14843750     -0.319372118    
  -2.10937500     -0.320558906    
  -2.07031250     -0.321360707    
  -2.03125000     -0.321784645    
  -1.99218750     -0.321837932    
  -1.95312500     -0.321527630    
  -1.91406250     -0.320860833    
  -1.87500000     -0.319844723    
  -1.83593750     -0.318486392    
  -1.79687500     -0.316793054    
  -1.75781250     -0.314771771    
  -1.71875000     -0.312429667    
  -1.67968750     -0.309773952    
  -1.64062500     -0.306811661    
  -1.60156250     -0.303549945    
  -1.56250000     -0.299995899    
  -1.52343750     -0.296156764    
  -1.48437500     -0.292039573    
  -1.44531250     -0.287651479    
  -1.40625000     -0.282999665    
  -1.36718750     -0.278091103    
  -1.32812500     -0.272933096    
  -1.28906250     -0.267532647    
  -1.25000000     -0.261896968    
  -1.21093750     -0.256033212    
  -1.17187500     -0.249948412    
  -1.13281250     -0.243649736    
  -1.09375000     -0.237144291    
  -1.05468750     -0.230439216    
  -1.01562500     -0.223541722    
 -0.976562500     -0.216458857    
 -0.937500000     -0.209197864    
 -0.898437500     -0.201765612    
 -0.859375000     -0.194169492    
 -0.820312500     -0.186416507    
 -0.781250000     -0.178513765    
 -0.742187500     -0.170468554    
 -0.703125000     -0.162287846    
 -0.664062500     -0.153978795    
 -0.625000000     -0.145548522    
 -0.585937500     -0.137004271    
 -0.546875000     -0.128352940    
 -0.507812500     -0.119601890    
 -0.468750000     -0.110758260    
 -0.429687500     -0.101828918    
 -0.390625000      -9.28212553E-02
 -0.351562500      -8.37422684E-02
 -0.312500000      -7.45993555E-02
 -0.273437500      -6.53991848E-02
 -0.234375000      -5.61490692E-02
 -0.195312500      -4.68562879E-02
 -0.156250000      -3.75277549E-02
 -0.117187500      -2.81707402E-02
  -7.81250000E-02  -1.87923741E-02
  -3.90625000E-02  -9.39971581E-03
   0.00000000       3.70365427E-08
   3.90625000E-02   9.39982478E-03
   7.81250000E-02   1.87924486E-02
  0.117187500       2.81708501E-02
  0.156250000       3.75279002E-02
  0.195312500       4.68563251E-02
  0.234375000       5.61492182E-02
  0.273437500       6.53992966E-02
  0.312500000       7.45994374E-02
  0.351562500       8.37425888E-02
  0.390625000       9.28215310E-02
  0.429687500      0.101829231    
  0.468750000      0.110758469    
  0.507812500      0.119602196    
  0.546875000      0.128353283    
  0.585937500      0.137004539    
  0.625000000      0.145548806    
  0.664062500      0.153979063    
  0.703125000      0.162288070    
  0.742187500      0.170468807    
  0.781250000      0.178514048    
  0.820312500      0.186416760    
  0.859375000      0.194169790    
  0.898437500      0.201765865    
  0.937500000      0.209198102    
  0.976562500      0.216459200    
   1.01562500      0.223542035    
   1.05468750      0.230439559    
   1.09375000      0.237144545    
   1.13281250      0.243649974    
   1.17187500      0.249948606    
   1.21093750      0.256033421    
   1.25000000      0.261897236    
   1.28906250      0.267532945    
   1.32812500      0.272933364    
   1.36718750      0.278091371    
   1.40625000      0.282999903    
   1.44531250      0.287651569    
   1.48437500      0.292039692    
   1.52343750      0.296156913    
   1.56250000      0.299996048    
   1.60156250      0.303550065    
   1.64062500      0.306811810    
   1.67968750      0.309774071    
   1.71875000      0.312429845    
   1.75781250      0.314771950    
   1.79687500      0.316793203    
   1.83593750      0.318486571    
   1.87500000      0.319844872    
   1.91406250      0.320860922    
   1.95312500      0.321527719    
   1.99218750      0.321837813    
   2.03125000      0.321784526    
   2.07031250      0.321360588    
   2.10937500      0.320558786    
   2.14843750      0.319372267    
   2.18750000      0.317793429    
   2.22656250      0.315815359    
   2.26562500      0.313430876    
   2.30468750      0.310633004    
   2.34375000      0.307414502    
   2.38281250      0.303768188    
   2.42187500      0.299687088    
   2.46093750      0.295163989    
   2.50000000      0.290191680    
   2.53906250      0.284763187    
   2.57812500      0.278871328    
   2.61718750      0.272508621    
   2.65625000      0.265668541    
   2.69531250      0.258343726    
   2.73437500      0.250527024    
   2.77343750      0.242211252    
   2.81250000      0.233389363    
   2.85156250      0.224054202    
   2.89062500      0.214198560    
   2.92968750      0.203815416    
   2.96875000      0.192897558    
   3.00781250      0.181437954    
   3.04687500      0.169429407    
   3.08593750      0.156864747    
   3.12500000      0.143736959    
   3.16406250      0.130038857    
   3.20312500      0.115763240    
   3.24218750      0.100903109    
   3.28125000       8.54512081E-02
   3.32031250       6.94005415E-02
   3.35937500       5.27439043E-02
   3.39843750       3.54741141E-02
   3.43750000       1.75841656E-02
   3.47656250      -9.33134463E-04
   3.51562500      -2.00849753E-02
   3.55468750      -3.98783609E-02
   3.59375000      -6.03205487E-02
   3.63281250      -8.14185441E-02
   3.67187500     -0.103179589    
   3.71093750     -0.125610694    
   3.75000000     -0.148718625    
   3.78906250     -0.172511369    
   3.82812500     -0.196996063    
   3.86718750     -0.222179100    
   3.90625000     -0.248067692    
   3.94531250     -0.274669260    
   3.98437500     -0.301990926    
   4.02343750     -0.330039680    
   4.06250000     -0.358822763    
   4.10156250     -0.388347208    
   4.14062500     -0.418620259    
   4.17968750     -0.449648947    
   4.21875000     -0.481440455    
   4.25781250     -0.514001846    
   4.29687500     -0.547340393    
   4.33593750     -0.581463039    
   4.37500000     -0.616376936    
   4.41406250     -0.652089477    
   4.45312500     -0.688607335    
   4.49218750     -0.725938022    
   4.53125000     -0.764088631    
   4.57031250     -0.803066075    
   4.60937500     -0.842877746    
   4.64843750     -0.883530557    
   4.68750000     -0.925031722    
   4.72656250     -0.967388332    
   4.76562500      -1.01060760    
   4.80468750      -1.05469656    
   4.84375000      -1.09966254    
   4.88281250      -1.14551234    
   4.92187500      -1.19225335    
   4.96093750      -1.23989248    
   5.00000000      -1.28843701    
