  -5.00000000       3.84615399E-02
  -4.96093750     -0.190363973    
  -4.92187500     -0.383910447    
  -4.88281250     -0.545303941    
  -4.84375000     -0.677482843    
  -4.80468750     -0.783206165    
  -4.76562500     -0.865060866    
  -4.72656250     -0.925468981    
  -4.68750000     -0.966695189    
  -4.64843750     -0.990853190    
  -4.60937500     -0.999913335    
  -4.57031250     -0.995708227    
  -4.53125000     -0.979939699    
  -4.49218750     -0.954184353    
  -4.45312500     -0.919900179    
  -4.41406250     -0.878432035    
  -4.37500000     -0.831016898    
  -4.33593750     -0.778789878    
  -4.29687500     -0.722789288    
  -4.25781250     -0.663960993    
  -4.21875000     -0.603164554    
  -4.17968750     -0.541177273    
  -4.14062500     -0.478698254    
  -4.10156250     -0.416354001    
  -4.06250000     -0.354701459    
  -4.02343750     -0.294233322    
  -3.98437500     -0.235380784    
  -3.94531250     -0.178518310    
  -3.90625000     -0.123966672    
  -3.86718750      -7.19968975E-02
  -3.82812500      -2.28334330E-02
  -3.78906250       2.33425591E-02
  -3.75000000       6.63900450E-02
  -3.71093750      0.106205128    
  -3.67187500      0.142718181    
  -3.63281250      0.175891072    
  -3.59375000      0.205714539    
  -3.55468750      0.232205734    
  -3.51562500      0.255405664    
  -3.47656250      0.275377005    
  -3.43750000      0.292201996    
  -3.39843750      0.305980146    
  -3.35937500      0.316826373    
  -3.32031250      0.324869156    
  -3.28125000      0.330248684    
  -3.24218750      0.333115190    
  -3.20312500      0.333627313    
  -3.16406250      0.331950694    
  -3.12500000      0.328256458    
  -3.08593750      0.322719753    
  -3.04687500      0.315518886    
  -3.00781250      0.306833714    
  -2.96875000      0.296844780    
  -2.92968750      0.285732210    
  -2.89062500      0.273674875    
  -2.85156250      0.260849297    
  -2.81250000      0.247428939    
  -2.77343750      0.233583584    
  -2.73437500      0.219478369    
  -2.69531250      0.205273449    
  -2.65625000      0.191123202    
  -2.61718750      0.177175865    
  -2.57812500      0.163572952    
  -2.53906250      0.150448978    
  -2.50000000      0.137931034    
  -2.46093750      0.126138464    
  -2.42187500      0.115182661    
  -2.38281250      0.105166830    
  -2.34375000       9.61857736E-02
  -2.30468750       8.83258805E-02
  -2.26562500       8.16648975E-02
  -2.22656250       7.62719363E-02
  -2.18750000       7.22074881E-02
  -2.14843750       6.95233867E-02
  -2.10937500       6.82628676E-02
  -2.07031250       6.84606656E-02
  -2.03125000       7.01431483E-02
  -1.99218750       7.33283237E-02
  -1.95312500       7.80261457E-02
  -1.91406250       8.42386186E-02
  -1.87500000       9.19600502E-02
  -1.83593750      0.101177216    
  -1.79687500      0.111869648    
  -1.75781250      0.124009863    
  -1.71875000      0.137563691    
  -1.67968750      0.152490556    
  -1.64062500      0.168743730    
  -1.60156250      0.186270684    
  -1.56250000      0.205013499    
  -1.52343750      0.224909052    
  -1.48437500      0.245889485    
  -1.44531250      0.267882526    
  -1.40625000      0.290811837    
  -1.36718750      0.314597398    
  -1.32812500      0.339155883    
  -1.28906250      0.364401013    
  -1.25000000      0.390243858    
  -1.21093750      0.416593522    
  -1.17187500      0.443356961    
  -1.13281250      0.470440030    
  -1.09375000      0.497747153    
  -1.05468750      0.525182486    
  -1.01562500      0.552649438    
 -0.976562500      0.580051601    
 -0.937500000      0.607292891    
 -0.898437500      0.634277999    
 -0.859375000      0.660912693    
 -0.820312500      0.687104106    
 -0.781250000      0.712760925    
 -0.742187500      0.737794042    
 -0.703125000      0.762116611    
 -0.664062500      0.785644293    
 -0.625000000      0.808295846    
 -0.585937500      0.829992950    
 -0.546875000      0.850660920    
 -0.507812500      0.870228589    
 -0.468750000      0.888628721    
 -0.429687500      0.905798078    
 -0.390625000      0.921677887    
 -0.351562500      0.936213791    
 -0.312500000      0.949355900    
 -0.273437500      0.961059570    
 -0.234375000      0.971284628    
 -0.195312500      0.979996264    
 -0.156250000      0.987164855    
 -0.117187500      0.992765903    
  -7.81250000E-02  0.996780217    
  -3.90625000E-02  0.999194384    
   0.00000000      0.999999940    
   3.90625000E-02  0.999194324    
   7.81250000E-02  0.996780276    
  0.117187500      0.992765844    
  0.156250000      0.987164855    
  0.195312500      0.979996324    
  0.234375000      0.971284628    
  0.273437500      0.961059511    
  0.312500000      0.949355960    
  0.351562500      0.936213672    
  0.390625000      0.921677828    
  0.429687500      0.905798018    
  0.468750000      0.888628662    
  0.507812500      0.870228529    
  0.546875000      0.850660920    
  0.585937500      0.829992890    
  0.625000000      0.808295786    
  0.664062500      0.785644233    
  0.703125000      0.762116551    
  0.742187500      0.737793982    
  0.781250000      0.712760806    
  0.820312500      0.687103987    
  0.859375000      0.660912573    
  0.898437500      0.634277940    
  0.937500000      0.607292831    
  0.976562500      0.580051482    
   1.01562500      0.552649260    
   1.05468750      0.525182366    
   1.09375000      0.497747153    
   1.13281250      0.470439911    
   1.17187500      0.443356872    
   1.21093750      0.416593522    
   1.25000000      0.390243739    
   1.28906250      0.364401042    
   1.32812500      0.339155734    
   1.36718750      0.314597279    
   1.40625000      0.290811718    
   1.44531250      0.267882437    
   1.48437500      0.245889425    
   1.52343750      0.224908993    
   1.56250000      0.205013484    
   1.60156250      0.186270609    
   1.64062500      0.168743506    
   1.67968750      0.152490541    
   1.71875000      0.137563571    
   1.75781250      0.124009654    
   1.79687500      0.111869529    
   1.83593750      0.101176895    
   1.87500000       9.19598714E-02
   1.91406250       8.42386857E-02
   1.95312500       7.80258775E-02
   1.99218750       7.33282641E-02
   2.03125000       7.01431856E-02
   2.07031250       6.84606954E-02
   2.10937500       6.82625920E-02
   2.14843750       6.95231780E-02
   2.18750000       7.22072721E-02
   2.22656250       7.62716979E-02
   2.26562500       8.16647857E-02
   2.30468750       8.83257166E-02
   2.34375000       9.61856619E-02
   2.38281250      0.105166882    
   2.42187500      0.115182452    
   2.46093750      0.126138404    
   2.50000000      0.137930989    
   2.53906250      0.150449097    
   2.57812500      0.163573012    
   2.61718750      0.177175447    
   2.65625000      0.191123545    
   2.69531250      0.205273211    
   2.73437500      0.219477758    
   2.77343750      0.233583480    
   2.81250000      0.247428596    
   2.85156250      0.260849327    
   2.89062500      0.273674488    
   2.92968750      0.285732180    
   2.96875000      0.296845615    
   3.00781250      0.306833684    
   3.04687500      0.315519601    
   3.08593750      0.322719127    
   3.12500000      0.328257054    
   3.16406250      0.331950605    
   3.20312500      0.333627641    
   3.24218750      0.333115935    
   3.28125000      0.330249727    
   3.32031250      0.324869365    
   3.35937500      0.316826344    
   3.39843750      0.305980742    
   3.43750000      0.292202771    
   3.47656250      0.275378048    
   3.51562500      0.255406529    
   3.55468750      0.232206747    
   3.59375000      0.205715284    
   3.63281250      0.175891548    
   3.67187500      0.142718568    
   3.71093750      0.106205605    
   3.75000000       6.63905591E-02
   3.78906250       2.33448632E-02
   3.82812500      -2.28335671E-02
   3.86718750      -7.19948858E-02
   3.90625000     -0.123965658    
   3.94531250     -0.178517550    
   3.98437500     -0.235381290    
   4.02343750     -0.294231564    
   4.06250000     -0.354700804    
   4.10156250     -0.416351676    
   4.14062500     -0.478696942    
   4.17968750     -0.541173577    
   4.21875000     -0.603162766    
   4.25781250     -0.663957059    
   4.29687500     -0.722787023    
   4.33593750     -0.778785765    
   4.37500000     -0.831015348    
   4.41406250     -0.878428638    
   4.45312500     -0.919900179    
   4.49218750     -0.954181552    
   4.53125000     -0.979941666    
   4.57031250     -0.995708048    
   4.60937500     -0.999910951    
   4.64843750     -0.990850091    
   4.68750000     -0.966696978    
   4.72656250     -0.925469756    
   4.76562500     -0.865053654    
   4.80468750     -0.783204496    
   4.84375000     -0.677473903    
   4.88281250     -0.545302033    
   4.92187500     -0.383899510    
   4.96093750     -0.190361351    
   5.00000000       3.84726599E-02
