  -5.00000000      0.958924294    
  -4.96093750      0.957131147    
  -4.92187500      0.955806792    
  -4.88281250      0.954754889    
  -4.84375000      0.953792989    
  -4.80468750      0.952752173    
  -4.76562500      0.951476455    
  -4.72656250      0.949822307    
  -4.68750000      0.947658300    
  -4.64843750      0.944864511    
  -4.60937500      0.941332281    
  -4.57031250      0.936963558    
  -4.53125000      0.931670725    
  -4.49218750      0.925375998    
  -4.45312500      0.918011069    
  -4.41406250      0.909516692    
  -4.37500000      0.899842441    
  -4.33593750      0.888946176    
  -4.29687500      0.876793623    
  -4.25781250      0.863358200    
  -4.21875000      0.848620534    
  -4.17968750      0.832568169    
  -4.14062500      0.815195143    
  -4.10156250      0.796501696    
  -4.06250000      0.776494086    
  -4.02343750      0.755183935    
  -3.98437500      0.732588410    
  -3.94531250      0.708729327    
  -3.90625000      0.683633447    
  -3.86718750      0.657331705    
  -3.82812500      0.629859209    
  -3.78906250      0.601254880    
  -3.75000000      0.571561337    
  -3.71093750      0.540824234    
  -3.67187500      0.509092450    
  -3.63281250      0.476417631    
  -3.59375000      0.442853898    
  -3.55468750      0.408457845    
  -3.51562500      0.373287976    
  -3.47656250      0.337404877    
  -3.43750000      0.300870717    
  -3.39843750      0.263748974    
  -3.35937500      0.226104677    
  -3.32031250      0.188003659    
  -3.28125000      0.149512768    
  -3.24218750      0.110699527    
  -3.20312500       7.16319457E-02
  -3.16406250       3.23783904E-02
  -3.12500000      -6.99259341E-03
  -3.08593750      -4.64123115E-02
  -3.04687500      -8.58124197E-02
  -3.00781250     -0.125124767    
  -2.96875000     -0.164281353    
  -2.92968750     -0.203215241    
  -2.89062500     -0.241859779    
  -2.85156250     -0.280149102    
  -2.81250000     -0.318018675    
  -2.77343750     -0.355404466    
  -2.73437500     -0.392244011    
  -2.69531250     -0.428475887    
  -2.65625000     -0.464040101    
  -2.61718750     -0.498878002    
  -2.57812500     -0.532932639    
  -2.53906250     -0.566148460    
  -2.50000000     -0.598472059    
  -2.46093750     -0.629851222    
  -2.42187500     -0.660235822    
  -2.38281250     -0.689577937    
  -2.34375000     -0.717831075    
  -2.30468750     -0.744951069    
  -2.26562500     -0.770895958    
  -2.22656250     -0.795625865    
  -2.18750000     -0.819102645    
  -2.14843750     -0.841290832    
  -2.10937500     -0.862157047    
  -2.07031250     -0.881670415    
  -2.03125000     -0.899802148    
  -1.99218750     -0.916525483    
  -1.95312500     -0.931816816    
  -1.91406250     -0.945654213    
  -1.87500000     -0.958018243    
  -1.83593750     -0.968892276    
  -1.79687500     -0.978261530    
  -1.75781250     -0.986113846    
  -1.71875000     -0.992439926    
  -1.67968750     -0.997232139    
  -1.64062500      -1.00048542    
  -1.60156250      -1.00219762    
  -1.56250000      -1.00236821    
  -1.52343750      -1.00099957    
  -1.48437500     -0.998096108    
  -1.44531250     -0.993664563    
  -1.40625000     -0.987714112    
  -1.36718750     -0.980256319    
  -1.32812500     -0.971304595    
  -1.28906250     -0.960874677    
  -1.25000000     -0.948984623    
  -1.21093750     -0.935654402    
  -1.17187500     -0.920906186    
  -1.13281250     -0.904764235    
  -1.09375000     -0.887254477    
  -1.05468750     -0.868405700    
  -1.01562500     -0.848247230    
 -0.976562500     -0.826811433    
 -0.937500000     -0.804131866    
 -0.898437500     -0.780243933    
 -0.859375000     -0.755184770    
 -0.820312500     -0.728993356    
 -0.781250000     -0.701709569    
 -0.742187500     -0.673376083    
 -0.703125000     -0.644035339    
 -0.664062500     -0.613732040    
 -0.625000000     -0.582513213    
 -0.585937500     -0.550425172    
 -0.546875000     -0.517516315    
 -0.507812500     -0.483836919    
 -0.468750000     -0.449437171    
 -0.429687500     -0.414368689    
 -0.390625000     -0.378684014    
 -0.351562500     -0.342436641    
 -0.312500000     -0.305680394    
 -0.273437500     -0.268470317    
 -0.234375000     -0.230861574    
 -0.195312500     -0.192910030    
 -0.156250000     -0.154672459    
 -0.117187500     -0.116205543    
  -7.81250000E-02  -7.75664225E-02
  -3.90625000E-02  -3.88117135E-02
   0.00000000      -7.45058060E-08
   3.90625000E-02   3.88120227E-02
   7.81250000E-02   7.75662363E-02
  0.117187500      0.116205931    
  0.156250000      0.154672667    
  0.195312500      0.192910463    
  0.234375000      0.230861723    
  0.273437500      0.268470109    
  0.312500000      0.305680633    
  0.351562500      0.342436582    
  0.390625000      0.378684044    
  0.429687500      0.414368957    
  0.468750000      0.449437261    
  0.507812500      0.483837456    
  0.546875000      0.517516613    
  0.585937500      0.550425172    
  0.625000000      0.582513452    
  0.664062500      0.613732517    
  0.703125000      0.644035101    
  0.742187500      0.673375964    
  0.781250000      0.701709569    
  0.820312500      0.728993177    
  0.859375000      0.755185425    
  0.898437500      0.780243814    
  0.937500000      0.804132521    
  0.976562500      0.826811612    
   1.01562500      0.848247707    
   1.05468750      0.868406236    
   1.09375000      0.887254834    
   1.13281250      0.904764175    
   1.17187500      0.920906067    
   1.21093750      0.935654283    
   1.25000000      0.948984742    
   1.28906250      0.960874856    
   1.32812500      0.971305251    
   1.36718750      0.980256736    
   1.40625000      0.987714171    
   1.44531250      0.993664980    
   1.48437500      0.998095810    
   1.52343750       1.00099969    
   1.56250000       1.00236785    
   1.60156250       1.00219727    
   1.64062500       1.00048602    
   1.67968750      0.997232735    
   1.71875000      0.992440879    
   1.75781250      0.986114323    
   1.79687500      0.978261650    
   1.83593750      0.968892574    
   1.87500000      0.958018720    
   1.91406250      0.945653498    
   1.95312500      0.931817055    
   1.99218750      0.916526914    
   2.03125000      0.899803162    
   2.07031250      0.881670356    
   2.10937500      0.862157881    
   2.14843750      0.841291547    
   2.18750000      0.819103479    
   2.22656250      0.795626104    
   2.26562500      0.770896316    
   2.30468750      0.744951725    
   2.34375000      0.717831135    
   2.38281250      0.689577401    
   2.42187500      0.660236180    
   2.46093750      0.629851639    
   2.50000000      0.598472834    
   2.53906250      0.566149831    
   2.57812500      0.532934070    
   2.61718750      0.498878509    
   2.65625000      0.464041114    
   2.69531250      0.428475976    
   2.73437500      0.392244548    
   2.77343750      0.355405927    
   2.81250000      0.318018198    
   2.85156250      0.280149192    
   2.89062500      0.241859570    
   2.92968750      0.203215420    
   2.96875000      0.164282143    
   3.00781250      0.125126809    
   3.04687500       8.58141631E-02
   3.08593750       4.64134514E-02
   3.12500000       6.99166674E-03
   3.16406250      -3.23788300E-02
   3.20312500      -7.16308057E-02
   3.24218750     -0.110698484    
   3.28125000     -0.149512574    
   3.32031250     -0.188003018    
   3.35937500     -0.226104990    
   3.39843750     -0.263749599    
   3.43750000     -0.300869465    
   3.47656250     -0.337404430    
   3.51562500     -0.373288035    
   3.55468750     -0.408458501    
   3.59375000     -0.442853898    
   3.63281250     -0.476417303    
   3.67187500     -0.509092271    
   3.71093750     -0.540821970    
   3.75000000     -0.571558774    
   3.78906250     -0.601254344    
   3.82812500     -0.629856467    
   3.86718750     -0.657330632    
   3.90625000     -0.683629572    
   3.94531250     -0.708728135    
   3.98437500     -0.732589960    
   4.02343750     -0.755183518    
   4.06250000     -0.776492834    
   4.10156250     -0.796499431    
   4.14062500     -0.815194249    
   4.17968750     -0.832567811    
   4.21875000     -0.848618984    
   4.25781250     -0.863355279    
   4.29687500     -0.876792133    
   4.33593750     -0.888943195    
   4.37500000     -0.899839699    
   4.41406250     -0.909513950    
   4.45312500     -0.918008745    
   4.49218750     -0.925376415    
   4.53125000     -0.931670845    
   4.57031250     -0.936964035    
   4.60937500     -0.941328049    
   4.64843750     -0.944862843    
   4.68750000     -0.947660983    
   4.72656250     -0.949823797    
   4.76562500     -0.951476038    
   4.80468750     -0.952753007    
   4.84375000     -0.953789771    
   4.88281250     -0.954750478    
   4.92187500     -0.955802143    
   4.96093750     -0.957131505    
   5.00000000     -0.958922803    
