  -5.00000000       6.76857308E-02
  -4.96093750       3.74199450E-02
  -4.92187500       1.98630039E-02
  -4.88281250       1.19151771E-02
  -4.84375000       1.09943310E-02
  -4.80468750       1.49729168E-02
  -4.76562500       2.21207552E-02
  -4.72656250       3.10531389E-02
  -4.68750000       4.06839699E-02
  -4.64843750       5.01834601E-02
  -4.60937500       5.89401871E-02
  -4.57031250       6.65270314E-02
  -4.53125000       7.26708621E-02
  -4.49218750       7.72255138E-02
  -4.45312500       8.01479295E-02
  -4.41406250       8.14771205E-02
  -4.37500000       8.13157633E-02
  -4.33593750       7.98141435E-02
  -4.29687500       7.71563128E-02
  -4.25781250       7.35482126E-02
  -4.21875000       6.92076311E-02
  -4.17968750       6.43556938E-02
  -4.14062500       5.92099130E-02
  -4.10156250       5.39784729E-02
  -4.06250000       4.88557480E-02
  -4.02343750       4.40188237E-02
  -3.98437500       3.96249406E-02
  -3.94531250       3.58097814E-02
  -3.90625000       3.26864198E-02
  -3.86718750       3.03449314E-02
  -3.82812500       2.88524535E-02
  -3.78906250       2.82538086E-02
  -3.75000000       2.85723917E-02
  -3.71093750       2.98113953E-02
  -3.67187500       3.19553278E-02
  -3.63281250       3.49716507E-02
  -3.59375000       3.88125926E-02
  -3.55468750       4.34170924E-02
  -3.51562500       4.87127379E-02
  -3.47656250       5.46177365E-02
  -3.43750000       6.10429607E-02
  -3.39843750       6.78938329E-02
  -3.35937500       7.50722513E-02
  -3.32031250       8.24783817E-02
  -3.28125000       9.00123715E-02
  -3.24218750       9.75759849E-02
  -3.20312500      0.105074048    
  -3.16406250      0.112415835    
  -3.12500000      0.119516291    
  -3.08593750      0.126297072    
  -3.04687500      0.132687554    
  -3.00781250      0.138625547    
  -2.96875000      0.144058004    
  -2.92968750      0.148941487    
  -2.89062500      0.153242573    
  -2.85156250      0.156938136    
  -2.81250000      0.160015300    
  -2.77343750      0.162471548    
  -2.73437500      0.164314628    
  -2.69531250      0.165562183    
  -2.65625000      0.166241482    
  -2.61718750      0.166389018    
  -2.57812500      0.166049913    
  -2.53906250      0.165277392    
  -2.50000000      0.164132074    
  -2.46093750      0.162681267    
  -2.42187500      0.160998225    
  -2.38281250      0.159161285    
  -2.34375000      0.157253116    
  -2.30468750      0.155359730    
  -2.26562500      0.153569698    
  -2.22656250      0.151973218    
  -2.18750000      0.150661275    
  -2.14843750      0.149724692    
  -2.10937500      0.149253309    
  -2.07031250      0.149335146    
  -2.03125000      0.150055557    
  -1.99218750      0.151496500    
  -1.95312500      0.153735653    
  -1.91406250      0.156845927    
  -1.87500000      0.160894603    
  -1.83593750      0.165942907    
  -1.79687500      0.172045276    
  -1.75781250      0.179249018    
  -1.71875000      0.187593833    
  -1.67968750      0.197111368    
  -1.64062500      0.207825005    
  -1.60156250      0.219749615    
  -1.56250000      0.232891276    
  -1.52343750      0.247247294    
  -1.48437500      0.262806028    
  -1.44531250      0.279546946    
  -1.40625000      0.297440857    
  -1.36718750      0.316449672    
  -1.32812500      0.336527079    
  -1.28906250      0.357618392    
  -1.25000000      0.379660994    
  -1.21093750      0.402584910    
  -1.17187500      0.426312804    
  -1.13281250      0.450760871    
  -1.09375000      0.475839019    
  -1.05468750      0.501451433    
  -1.01562500      0.527497411    
 -0.976562500      0.553871751    
 -0.937500000      0.580465198    
 -0.898437500      0.607165694    
 -0.859375000      0.633858383    
 -0.820312500      0.660426557    
 -0.781250000      0.686752796    
 -0.742187500      0.712718964    
 -0.703125000      0.738207042    
 -0.664062500      0.763100207    
 -0.625000000      0.787283599    
 -0.585937500      0.810644090    
 -0.546875000      0.833072305    
 -0.507812500      0.854461968    
 -0.468750000      0.874711514    
 -0.429687500      0.893724144    
 -0.390625000      0.911408484    
 -0.351562500      0.927679300    
 -0.312500000      0.942457914    
 -0.273437500      0.955672562    
 -0.234375000      0.967258930    
 -0.195312500      0.977160454    
 -0.156250000      0.985328674    
 -0.117187500      0.991723537    
  -7.81250000E-02  0.996313989    
  -3.90625000E-02  0.999077380    
   0.00000000      0.999999940    
   3.90625000E-02  0.999077380    
   7.81250000E-02  0.996314049    
  0.117187500      0.991723716    
  0.156250000      0.985328734    
  0.195312500      0.977160513    
  0.234375000      0.967258990    
  0.273437500      0.955672681    
  0.312500000      0.942457974    
  0.351562500      0.927679420    
  0.390625000      0.911408603    
  0.429687500      0.893724263    
  0.468750000      0.874711633    
  0.507812500      0.854462087    
  0.546875000      0.833072305    
  0.585937500      0.810644269    
  0.625000000      0.787283659    
  0.664062500      0.763100266    
  0.703125000      0.738207102    
  0.742187500      0.712719202    
  0.781250000      0.686753035    
  0.820312500      0.660426855    
  0.859375000      0.633858502    
  0.898437500      0.607165933    
  0.937500000      0.580465317    
  0.976562500      0.553871810    
   1.01562500      0.527497530    
   1.05468750      0.501451492    
   1.09375000      0.475839019    
   1.13281250      0.450760990    
   1.17187500      0.426312894    
   1.21093750      0.402584881    
   1.25000000      0.379661053    
   1.28906250      0.357618302    
   1.32812500      0.336527139    
   1.36718750      0.316449761    
   1.40625000      0.297440797    
   1.44531250      0.279546857    
   1.48437500      0.262805939    
   1.52343750      0.247247145    
   1.56250000      0.232891053    
   1.60156250      0.219749629    
   1.64062500      0.207824826    
   1.67968750      0.197111025    
   1.71875000      0.187593505    
   1.75781250      0.179248691    
   1.79687500      0.172045022    
   1.83593750      0.165942952    
   1.87500000      0.160894215    
   1.91406250      0.156845778    
   1.95312500      0.153735369    
   1.99218750      0.151496515    
   2.03125000      0.150055021    
   2.07031250      0.149334505    
   2.10937500      0.149252728    
   2.14843750      0.149724051    
   2.18750000      0.150661051    
   2.22656250      0.151973173    
   2.26562500      0.153568789    
   2.30468750      0.155359730    
   2.34375000      0.157252714    
   2.38281250      0.159160957    
   2.42187500      0.160997689    
   2.46093750      0.162680522    
   2.50000000      0.164131522    
   2.53906250      0.165277302    
   2.57812500      0.166050091    
   2.61718750      0.166387379    
   2.65625000      0.166241273    
   2.69531250      0.165562451    
   2.73437500      0.164313719    
   2.77343750      0.162470713    
   2.81250000      0.160014361    
   2.85156250      0.156937838    
   2.89062500      0.153241426    
   2.92968750      0.148940891    
   2.96875000      0.144057423    
   3.00781250      0.138623893    
   3.04687500      0.132686883    
   3.08593750      0.126295984    
   3.12500000      0.119515195    
   3.16406250      0.112414502    
   3.20312500      0.105071649    
   3.24218750       9.75737497E-02
   3.28125000       9.00099799E-02
   3.32031250       8.24771747E-02
   3.35937500       7.50678405E-02
   3.39843750       6.78941309E-02
   3.43750000       6.10426776E-02
   3.47656250       5.46149611E-02
   3.51562500       4.87103276E-02
   3.55468750       4.34154756E-02
   3.59375000       3.88096012E-02
   3.63281250       3.49660777E-02
   3.67187500       3.19554880E-02
   3.71093750       2.98113674E-02
   3.75000000       2.85666678E-02
   3.78906250       2.82513630E-02
   3.82812500       2.88436115E-02
   3.86718750       3.03399768E-02
   3.90625000       3.26793119E-02
   3.94531250       3.57983150E-02
   3.98437500       3.96193489E-02
   4.02343750       4.40179259E-02
   4.06250000       4.88485433E-02
   4.10156250       5.39743416E-02
   4.14062500       5.91959506E-02
   4.17968750       6.43557832E-02
   4.21875000       6.91945702E-02
   4.25781250       7.35293850E-02
   4.29687500       7.71544948E-02
   4.33593750       7.98045397E-02
   4.37500000       8.13040882E-02
   4.41406250       8.14677328E-02
   4.45312500       8.01329538E-02
   4.49218750       7.72202983E-02
   4.53125000       7.26593137E-02
   4.57031250       6.65162057E-02
   4.60937500       5.89253046E-02
   4.64843750       5.01708351E-02
   4.68750000       4.06815633E-02
   4.72656250       3.10442932E-02
   4.76562500       2.21251715E-02
   4.80468750       1.49579365E-02
   4.84375000       1.09787462E-02
   4.88281250       1.19072804E-02
   4.92187500       1.98551156E-02
   4.96093750       3.74097042E-02
   5.00000000       6.76508546E-02
