  -5.00000000      0.104643360    
  -4.96093750       6.77449480E-02
  -4.92187500       3.81478630E-02
  -4.88281250       1.50644016E-02
  -4.84375000      -2.23921752E-03
  -4.80468750      -1.44452760E-02
  -4.76562500      -2.21868921E-02
  -4.72656250      -2.60503255E-02
  -4.68750000      -2.65771449E-02
  -4.64843750      -2.42664311E-02
  -4.60937500      -1.95768159E-02
  -4.57031250      -1.29285101E-02
  -4.53125000      -4.70523629E-03
  -4.49218750       4.74382937E-03
  -4.45312500       1.51022989E-02
  -4.41406250       2.60847490E-02
  -4.37500000       3.74350250E-02
  -4.33593750       4.89246026E-02
  -4.29687500       6.03509769E-02
  -4.25781250       7.15361238E-02
  -4.21875000       8.23250115E-02
  -4.17968750       9.25841779E-02
  -4.14062500      0.102200307    
  -4.10156250      0.111078978    
  -4.06250000      0.119143285    
  -4.02343750      0.126332685    
  -3.98437500      0.132601783    
  -3.94531250      0.137919128    
  -3.90625000      0.142266288    
  -3.86718750      0.145636618    
  -3.82812500      0.148034379    
  -3.78906250      0.149473712    
  -3.75000000      0.149977699    
  -3.71093750      0.149577618    
  -3.67187500      0.148311943    
  -3.63281250      0.146225616    
  -3.59375000      0.143369317    
  -3.55468750      0.139798611    
  -3.51562500      0.135573432    
  -3.47656250      0.130757317    
  -3.43750000      0.125416830    
  -3.39843750      0.119620897    
  -3.35937500      0.113440350    
  -3.32031250      0.106947385    
  -3.28125000      0.100215018    
  -3.24218750       9.33166668E-02
  -3.20312500       8.63256902E-02
  -3.16406250       7.93150216E-02
  -3.12500000       7.23567531E-02
  -3.08593750       6.55217916E-02
  -3.04687500       5.88795468E-02
  -3.00781250       5.24976291E-02
  -2.96875000       4.64415513E-02
  -2.92968750       4.07745093E-02
  -2.89062500       3.55571173E-02
  -2.85156250       3.08472365E-02
  -2.81250000       2.66997442E-02
  -2.77343750       2.31663864E-02
  -2.73437500       2.02956703E-02
  -2.69531250       1.81326438E-02
  -2.65625000       1.67189073E-02
  -2.61718750       1.60923656E-02
  -2.57812500       1.62873343E-02
  -2.53906250       1.73343234E-02
  -2.50000000       1.92600675E-02
  -2.46093750       2.20875200E-02
  -2.42187500       2.58357357E-02
  -2.38281250       3.05199940E-02
  -2.34375000       3.61517668E-02
  -2.30468750       4.27386425E-02
  -2.26562500       5.02845198E-02
  -2.22656250       5.87895885E-02
  -2.18750000       6.82503358E-02
  -2.14843750       7.86597058E-02
  -2.10937500       9.00070518E-02
  -2.07031250      0.102278411    
  -2.03125000      0.115456402    
  -1.99218750      0.129520416    
  -1.95312500      0.144446790    
  -1.91406250      0.160208762    
  -1.87500000      0.176776722    
  -1.83593750      0.194118336    
  -1.79687500      0.212198600    
  -1.75781250      0.230980054    
  -1.71875000      0.250422835    
  -1.67968750      0.270484954    
  -1.64062500      0.291122347    
  -1.60156250      0.312289000    
  -1.56250000      0.333937198    
  -1.52343750      0.356017649    
  -1.48437500      0.378479630    
  -1.44531250      0.401271135    
  -1.40625000      0.424338996    
  -1.36718750      0.447629184    
  -1.32812500      0.471086830    
  -1.28906250      0.494656503    
  -1.25000000      0.518282115    
  -1.21093750      0.541907728    
  -1.17187500      0.565476537    
  -1.13281250      0.588932335    
  -1.09375000      0.612218916    
  -1.05468750      0.635280311    
  -1.01562500      0.658061087    
 -0.976562500      0.680506408    
 -0.937500000      0.702562273    
 -0.898437500      0.724175274    
 -0.859375000      0.745293438    
 -0.820312500      0.765865743    
 -0.781250000      0.785842538    
 -0.742187500      0.805175543    
 -0.703125000      0.823818028    
 -0.664062500      0.841724932    
 -0.625000000      0.858853102    
 -0.585937500      0.875161052    
 -0.546875000      0.890609384    
 -0.507812500      0.905160785    
 -0.468750000      0.918780088    
 -0.429687500      0.931434393    
 -0.390625000      0.943093240    
 -0.351562500      0.953728378    
 -0.312500000      0.963314056    
 -0.273437500      0.971827209    
 -0.234375000      0.979247391    
 -0.195312500      0.985556424    
 -0.156250000      0.990739465    
 -0.117187500      0.994783580    
  -7.81250000E-02  0.997679293    
  -3.90625000E-02  0.999419510    
   0.00000000       1.00000000    
   3.90625000E-02  0.999419510    
   7.81250000E-02  0.997679234    
  0.117187500      0.994783580    
  0.156250000      0.990739346    
  0.195312500      0.985556483    
  0.234375000      0.979247451    
  0.273437500      0.971827328    
  0.312500000      0.963314176    
  0.351562500      0.953728378    
  0.390625000      0.943093359    
  0.429687500      0.931434453    
  0.468750000      0.918780208    
  0.507812500      0.905160904    
  0.546875000      0.890609503    
  0.585937500      0.875161171    
  0.625000000      0.858853221    
  0.664062500      0.841725111    
  0.703125000      0.823818207    
  0.742187500      0.805175722    
  0.781250000      0.785842597    
  0.820312500      0.765865862    
  0.859375000      0.745293498    
  0.898437500      0.724175513    
  0.937500000      0.702562392    
  0.976562500      0.680506706    
   1.01562500      0.658061326    
   1.05468750      0.635280550    
   1.09375000      0.612219036    
   1.13281250      0.588932574    
   1.17187500      0.565476656    
   1.21093750      0.541907907    
   1.25000000      0.518282413    
   1.28906250      0.494656742    
   1.32812500      0.471087039    
   1.36718750      0.447629422    
   1.40625000      0.424339205    
   1.44531250      0.401271343    
   1.48437500      0.378479838    
   1.52343750      0.356017888    
   1.56250000      0.333937317    
   1.60156250      0.312289059    
   1.64062500      0.291122705    
   1.67968750      0.270485193    
   1.71875000      0.250423014    
   1.75781250      0.230980322    
   1.79687500      0.212198734    
   1.83593750      0.194118395    
   1.87500000      0.176777050    
   1.91406250      0.160208926    
   1.95312500      0.144447073    
   1.99218750      0.129520684    
   2.03125000      0.115456551    
   2.07031250      0.102278583    
   2.10937500       9.00074095E-02
   2.14843750       7.86596835E-02
   2.18750000       6.82503954E-02
   2.22656250       5.87898791E-02
   2.26562500       5.02846316E-02
   2.30468750       4.27385829E-02
   2.34375000       3.61517966E-02
   2.38281250       3.05202883E-02
   2.42187500       2.58358382E-02
   2.46093750       2.20876057E-02
   2.50000000       1.92603879E-02
   2.53906250       1.73345432E-02
   2.57812500       1.62878111E-02
   2.61718750       1.60923079E-02
   2.65625000       1.67188719E-02
   2.69531250       1.81329548E-02
   2.73437500       2.02957187E-02
   2.77343750       2.31663976E-02
   2.81250000       2.66997702E-02
   2.85156250       3.08466759E-02
   2.89062500       3.55570242E-02
   2.92968750       4.07742895E-02
   2.96875000       4.64415848E-02
   3.00781250       5.24971969E-02
   3.04687500       5.88794723E-02
   3.08593750       6.55216277E-02
   3.12500000       7.23563954E-02
   3.16406250       7.93149099E-02
   3.20312500       8.63260478E-02
   3.24218750       9.33169797E-02
   3.28125000      0.100214683    
   3.32031250      0.106947355    
   3.35937500      0.113440663    
   3.39843750      0.119620711    
   3.43750000      0.125416771    
   3.47656250      0.130757555    
   3.51562500      0.135572672    
   3.55468750      0.139798433    
   3.59375000      0.143369541    
   3.63281250      0.146226242    
   3.67187500      0.148312524    
   3.71093750      0.149578109    
   3.75000000      0.149977639    
   3.78906250      0.149473563    
   3.82812500      0.148034394    
   3.86718750      0.145636588    
   3.90625000      0.142266363    
   3.94531250      0.137919202    
   3.98437500      0.132601961    
   4.02343750      0.126333207    
   4.06250000      0.119142972    
   4.10156250      0.111079156    
   4.14062500      0.102199718    
   4.17968750       9.25843865E-02
   4.21875000       8.23256075E-02
   4.25781250       7.15354607E-02
   4.29687500       6.03521541E-02
   4.33593750       4.89247777E-02
   4.37500000       3.74361463E-02
   4.41406250       2.60859691E-02
   4.45312500       1.51026472E-02
   4.49218750       4.74330550E-03
   4.53125000      -4.70585609E-03
   4.57031250      -1.29295047E-02
   4.60937500      -1.95753537E-02
   4.64843750      -2.42642034E-02
   4.68750000      -2.65749153E-02
   4.72656250      -2.60482710E-02
   4.76562500      -2.21879780E-02
   4.80468750      -1.44456923E-02
   4.84375000      -2.23860471E-03
   4.88281250       1.50651829E-02
   4.92187500       3.81457210E-02
   4.96093750       6.77448511E-02
   5.00000000      0.104645193    
