  -3.00000000       0.00000000    
  -2.97656250      0.148630559    
  -2.95312500      0.282542348    
  -2.92968750      0.402497560    
  -2.90625000      0.509234905    
  -2.88281250      0.603470206    
  -2.85937500      0.685896277    
  -2.83593750      0.757183909    
  -2.81250000      0.817981958    
  -2.78906250      0.868917823    
  -2.76562500      0.910597980    
  -2.74218750      0.943608046    
  -2.71875000      0.968513489    
  -2.69531250      0.985859811    
  -2.67187500      0.996173203    
  -2.64843750      0.999960601    
  -2.62500000      0.997710228    
  -2.60156250      0.989892006    
  -2.57812500      0.976957917    
  -2.55468750      0.959342003    
  -2.53125000      0.937461913    
  -2.50781250      0.911717296    
  -2.48437500      0.882492006    
  -2.46093750      0.850153625    
  -2.43750000      0.815053821    
  -2.41406250      0.777528822    
  -2.39062500      0.737899840    
  -2.36718750      0.696473241    
  -2.34375000      0.653540850    
  -2.32031250      0.609380662    
  -2.29687500      0.564256728    
  -2.27343750      0.518419564    
  -2.25000000      0.472106963    
  -2.22656250      0.425543517    
  -2.20312500      0.378941566    
  -2.17968750      0.332501411    
  -2.15625000      0.286411256    
  -2.13281250      0.240847960    
  -2.10937500      0.195977166    
  -2.08593750      0.151953533    
  -2.06250000      0.108921148    
  -2.03906250       6.70138076E-02
  -2.01562500       2.63552442E-02
  -1.99218750      -1.29405158E-02
  -1.96875000      -5.07688969E-02
  -1.94531250      -8.70344713E-02
  -1.92187500     -0.121650703    
  -1.89843750     -0.154539689    
  -1.87500000     -0.185631767    
  -1.85156250     -0.214865416    
  -1.82812500     -0.242186889    
  -1.80468750     -0.267549962    
  -1.78125000     -0.290915668    
  -1.75781250     -0.312252104    
  -1.73437500     -0.331533968    
  -1.71093750     -0.348742723    
  -1.68750000     -0.363865882    
  -1.66406250     -0.376897067    
  -1.64062500     -0.387835592    
  -1.61718750     -0.396686524    
  -1.59375000     -0.403459907    
  -1.57031250     -0.408171117    
  -1.54687500     -0.410840362    
  -1.52343750     -0.411492348    
  -1.50000000     -0.410156250    
  -1.47656250     -0.406865478    
  -1.45312500     -0.401657343    
  -1.42968750     -0.394572943    
  -1.40625000     -0.385656923    
  -1.38281250     -0.374957293    
  -1.35937500     -0.362525284    
  -1.33593750     -0.348414898    
  -1.31250000     -0.332683116    
  -1.28906250     -0.315389335    
  -1.26562500     -0.296595365    
  -1.24218750     -0.276365280    
  -1.21875000     -0.254765093    
  -1.19531250     -0.231862649    
  -1.17187500     -0.207727596    
  -1.14843750     -0.182430908    
  -1.12500000     -0.156044975    
  -1.10156250     -0.128643334    
  -1.07812500     -0.100300521    
  -1.05468750      -7.10919350E-02
  -1.03125000      -4.10936475E-02
  -1.00781250      -1.03822825E-02
 -0.984375000       2.09651515E-02
 -0.960937500       5.28713875E-02
 -0.937500000       8.52590650E-02
 -0.914062500      0.118050836    
 -0.890625000      0.151169509    
 -0.867187500      0.184538260    
 -0.843750000      0.218080565    
 -0.820312500      0.251720518    
 -0.796875000      0.285382926    
 -0.773437500      0.318993300    
 -0.750000000      0.352477998    
 -0.726562500      0.385764599    
 -0.703125000      0.418781638    
 -0.679687500      0.451458871    
 -0.656250000      0.483727396    
 -0.632812500      0.515519857    
 -0.609375000      0.546770155    
 -0.585937500      0.577413976    
 -0.562500000      0.607388854    
 -0.539062500      0.636633694    
 -0.515625000      0.665089667    
 -0.492187500      0.692699671    
 -0.468750000      0.719408572    
 -0.445312500      0.745163381    
 -0.421875000      0.769913435    
 -0.398437500      0.793610096    
 -0.375000000      0.816206932    
 -0.351562500      0.837660134    
 -0.328125000      0.857927978    
 -0.304687500      0.876971185    
 -0.281250000      0.894753635    
 -0.257812500      0.911240518    
 -0.234375000      0.926400840    
 -0.210937500      0.940205336    
 -0.187500000      0.952627957    
 -0.164062500      0.963644803    
 -0.140625000      0.973235428    
 -0.117187500      0.981381238    
  -9.37500000E-02  0.988067150    
  -7.03125000E-02  0.993280411    
  -4.68750000E-02  0.997011244    
  -2.34375000E-02  0.999252379    
   0.00000000       1.00000000    
   2.34375000E-02  0.999252439    
   4.68750000E-02  0.997011125    
   7.03125000E-02  0.993280351    
   9.37500000E-02  0.988067150    
  0.117187500      0.981381178    
  0.140625000      0.973235369    
  0.164062500      0.963644922    
  0.187500000      0.952627957    
  0.210937500      0.940205395    
  0.234375000      0.926400840    
  0.257812500      0.911240578    
  0.281250000      0.894753575    
  0.304687500      0.876971245    
  0.328125000      0.857927978    
  0.351562500      0.837660134    
  0.375000000      0.816206932    
  0.398437500      0.793610096    
  0.421875000      0.769913435    
  0.445312500      0.745163381    
  0.468750000      0.719408572    
  0.492187500      0.692699611    
  0.515625000      0.665089607    
  0.539062500      0.636633754    
  0.562500000      0.607388794    
  0.585937500      0.577413976    
  0.609375000      0.546770036    
  0.632812500      0.515519738    
  0.656250000      0.483727336    
  0.679687500      0.451458812    
  0.703125000      0.418781608    
  0.726562500      0.385764569    
  0.750000000      0.352477938    
  0.773437500      0.318993211    
  0.796875000      0.285382837    
  0.820312500      0.251720458    
  0.843750000      0.218080476    
  0.867187500      0.184538156    
  0.890625000      0.151169419    
  0.914062500      0.118050717    
  0.937500000       8.52589309E-02
  0.960937500       5.28712533E-02
  0.984375000       2.09650006E-02
   1.00781250      -1.03824437E-02
   1.03125000      -4.10938188E-02
   1.05468750      -7.10921064E-02
   1.07812500     -0.100300699    
   1.10156250     -0.128643543    
   1.12500000     -0.156045184    
   1.14843750     -0.182431132    
   1.17187500     -0.207727835    
   1.19531250     -0.231862918    
   1.21875000     -0.254765332    
   1.24218750     -0.276364952    
   1.26562500     -0.296595693    
   1.28906250     -0.315389633    
   1.31250000     -0.332682788    
   1.33593750     -0.348415285    
   1.35937500     -0.362525612    
   1.38281250     -0.374956965    
   1.40625000     -0.385657310    
   1.42968750     -0.394572914    
   1.45312500     -0.401657343    
   1.47656250     -0.406865507    
   1.50000000     -0.410156310    
   1.52343750     -0.411492378    
   1.54687500     -0.410840422    
   1.57031250     -0.408171207    
   1.59375000     -0.403459996    
   1.61718750     -0.396686524    
   1.64062500     -0.387835681    
   1.66406250     -0.376897126    
   1.68750000     -0.363865972    
   1.71093750     -0.348742813    
   1.73437500     -0.331534088    
   1.75781250     -0.312252164    
   1.78125000     -0.290915787    
   1.80468750     -0.267550081    
   1.82812500     -0.242187008    
   1.85156250     -0.214865550    
   1.87500000     -0.185631916    
   1.89843750     -0.154539838    
   1.92187500     -0.121650882    
   1.94531250      -8.70346427E-02
   1.96875000      -5.07690832E-02
   1.99218750      -1.29407132E-02
   2.01562500       2.63550393E-02
   2.03906250       6.70135990E-02
   2.06250000      0.108920924    
   2.08593750      0.151953295    
   2.10937500      0.195976913    
   2.13281250      0.240847722    
   2.15625000      0.286412090    
   2.17968750      0.332501113    
   2.20312500      0.378941327    
   2.22656250      0.425544322    
   2.25000000      0.472106636    
   2.27343750      0.518419206    
   2.29687500      0.564257622    
   2.32031250      0.609380305    
   2.34375000      0.653540492    
   2.36718750      0.696474254    
   2.39062500      0.737899423    
   2.41406250      0.777528465    
   2.43750000      0.815054834    
   2.46093750      0.850153208    
   2.48437500      0.882491589    
   2.50781250      0.911717534    
   2.53125000      0.937460542    
   2.55468750      0.959341586    
   2.57812500      0.976959109    
   2.60156250      0.989890575    
   2.62500000      0.997709692    
   2.64843750      0.999961913    
   2.67187500      0.996171534    
   2.69531250      0.985860109    
   2.71875000      0.968514860    
   2.74218750      0.943606317    
   2.76562500      0.910598338    
   2.78906250      0.868919373    
   2.81250000      0.817982435    
   2.83593750      0.757184267    
   2.85937500      0.685897827    
   2.88281250      0.603470564    
   2.90625000      0.509235382    
   2.92968750      0.402499229    
   2.95312500      0.282542765    
   2.97656250      0.148631006    
   3.00000000       1.78813934E-06
