  -3.00000000       0.00000000    
  -2.97656250       2.20910460E-02
  -2.95312500       7.98301697E-02
  -2.92968750      0.162004292    
  -2.90625000      0.259320199    
  -2.88281250      0.364176273    
  -2.85937500      0.470453650    
  -2.83593750      0.573327482    
  -2.81250000      0.669094563    
  -2.78906250      0.755018353    
  -2.76562500      0.829188645    
  -2.74218750      0.890396178    
  -2.71875000      0.938018441    
  -2.69531250      0.971919656    
  -2.67187500      0.992361069    
  -2.64843750      0.999921143    
  -2.62500000      0.995425820    
  -2.60156250      0.979886115    
  -2.57812500      0.954446673    
  -2.55468750      0.920337200    
  -2.53125000      0.878834665    
  -2.50781250      0.831228256    
  -2.48437500      0.778792143    
  -2.46093750      0.722761214    
  -2.43750000      0.664312780    
  -2.41406250      0.604551136    
  -2.39062500      0.544496238    
  -2.36718750      0.485074908    
  -2.34375000      0.427115649    
  -2.32031250      0.371344745    
  -2.29687500      0.318385601    
  -2.27343750      0.268758863    
  -2.25000000      0.222884953    
  -2.22656250      0.181087255    
  -2.20312500      0.143596739    
  -2.17968750      0.110557191    
  -2.15625000       8.20314214E-02
  -2.13281250       5.80077507E-02
  -2.10937500       3.84070501E-02
  -2.08593750       2.30898764E-02
  -2.06250000       1.18638184E-02
  -2.03906250       4.49085049E-03
  -2.01562500       6.94598828E-04
  -1.99218750       1.67456994E-04
  -1.96875000       2.57748086E-03
  -1.94531250       7.57499970E-03
  -1.92187500       1.47988917E-02
  -1.89843750       2.38825101E-02
  -1.87500000       3.44591513E-02
  -1.85156250       4.61671390E-02
  -1.82812500       5.86544834E-02
  -1.80468750       7.15829730E-02
  -1.78125000       8.46319273E-02
  -1.75781250       9.75013599E-02
  -1.73437500      0.109914765    
  -1.71093750      0.121621475    
  -1.68750000      0.132398397    
  -1.66406250      0.142051384    
  -1.64062500      0.150416464    
  -1.61718750      0.157360166    
  -1.59375000      0.162779897    
  -1.57031250      0.166603670    
  -1.54687500      0.168789789    
  -1.52343750      0.169325948    
  -1.50000000      0.168228149    
  -1.47656250      0.165539488    
  -1.45312500      0.161328599    
  -1.42968750      0.155687779    
  -1.40625000      0.148731232    
  -1.38281250      0.140592963    
  -1.35937500      0.131424561    
  -1.33593750      0.121392950    
  -1.31250000      0.110678047    
  -1.28906250       9.94704217E-02
  -1.26562500       8.79688188E-02
  -1.24218750       7.63777569E-02
  -1.21875000       6.49052486E-02
  -1.19531250       5.37602976E-02
  -1.17187500       4.31507453E-02
  -1.14843750       3.32810320E-02
  -1.12500000       2.43500303E-02
  -1.10156250       1.65491048E-02
  -1.07812500       1.00601930E-02
  -1.05468750       5.05406223E-03
  -1.03125000       1.68868783E-03
  -1.00781250       1.07791770E-04
 -0.984375000       4.39537544E-04
 -0.960937500       2.79538380E-03
 -0.937500000       7.26910820E-03
 -0.914062500       1.39359999E-02
 -0.890625000       2.28522271E-02
 -0.867187500       3.40543650E-02
 -0.843750000       4.75591347E-02
 -0.820312500       6.33632317E-02
 -0.796875000       8.14434066E-02
 -0.773437500      0.101756707    
 -0.750000000      0.124240756    
 -0.726562500      0.148814350    
 -0.703125000      0.175378054    
 -0.679687500      0.203815103    
 -0.656250000      0.233992234    
 -0.632812500      0.265760660    
 -0.609375000      0.298957586    
 -0.585937500      0.333406955    
 -0.562500000      0.368921220    
 -0.539062500      0.405302435    
 -0.515625000      0.442344278    
 -0.492187500      0.479832768    
 -0.468750000      0.517548621    
 -0.445312500      0.555268466    
 -0.421875000      0.592766702    
 -0.398437500      0.629816949    
 -0.375000000      0.666193783    
 -0.351562500      0.701674461    
 -0.328125000      0.736040235    
 -0.304687500      0.769078672    
 -0.281250000      0.800583959    
 -0.257812500      0.830359399    
 -0.234375000      0.858218491    
 -0.210937500      0.883985937    
 -0.187500000      0.907499850    
 -0.164062500      0.928611457    
 -0.140625000      0.947187066    
 -0.117187500      0.963109255    
  -9.37500000E-02  0.976276636    
  -7.03125000E-02  0.986605942    
  -4.68750000E-02  0.994031191    
  -2.34375000E-02  0.998505414    
   0.00000000       1.00000000    
   2.34375000E-02  0.998505473    
   4.68750000E-02  0.994031191    
   7.03125000E-02  0.986605883    
   9.37500000E-02  0.976276696    
  0.117187500      0.963109076    
  0.140625000      0.947187066    
  0.164062500      0.928611457    
  0.187500000      0.907499790    
  0.210937500      0.883986115    
  0.234375000      0.858218491    
  0.257812500      0.830359459    
  0.281250000      0.800583959    
  0.304687500      0.769078612    
  0.328125000      0.736040354    
  0.351562500      0.701674461    
  0.375000000      0.666193843    
  0.398437500      0.629816830    
  0.421875000      0.592766702    
  0.445312500      0.555268526    
  0.468750000      0.517548621    
  0.492187500      0.479832798    
  0.515625000      0.442344248    
  0.539062500      0.405302465    
  0.562500000      0.368921041    
  0.585937500      0.333407193    
  0.609375000      0.298957407    
  0.632812500      0.265760839    
  0.656250000      0.233992279    
  0.679687500      0.203815103    
  0.703125000      0.175378382    
  0.726562500      0.148814276    
  0.750000000      0.124240451    
  0.773437500      0.101757154    
  0.796875000       8.14438388E-02
  0.820312500       6.33630455E-02
  0.843750000       4.75593843E-02
  0.867187500       3.40538733E-02
  0.890625000       2.28523295E-02
  0.914062500       1.39357792E-02
  0.937500000       7.26950448E-03
  0.960937500       2.79538753E-03
  0.984375000       4.39552357E-04
   1.00781250       1.07463282E-04
   1.03125000       1.68929738E-03
   1.05468750       5.05379541E-03
   1.07812500       1.00607267E-02
   1.10156250       1.65496375E-02
   1.12500000       2.43493691E-02
   1.14843750       3.32816914E-02
   1.17187500       4.31512333E-02
   1.19531250       5.37611842E-02
   1.21875000       6.49045110E-02
   1.24218750       7.63767809E-02
   1.26562500       8.79679844E-02
   1.28906250       9.94698033E-02
   1.31250000      0.110677287    
   1.33593750      0.121393047    
   1.35937500      0.131426156    
   1.38281250      0.140592888    
   1.40625000      0.148730516    
   1.42968750      0.155689850    
   1.45312500      0.161328271    
   1.47656250      0.165539086    
   1.50000000      0.168227509    
   1.52343750      0.169325590    
   1.54687500      0.168788791    
   1.57031250      0.166604996    
   1.59375000      0.162779450    
   1.61718750      0.157359302    
   1.64062500      0.150417522    
   1.66406250      0.142050087    
   1.68750000      0.132398307    
   1.71093750      0.121622026    
   1.73437500      0.109915227    
   1.75781250       9.75035578E-02
   1.78125000       8.46282467E-02
   1.80468750       7.15862438E-02
   1.82812500       5.86539395E-02
   1.85156250       4.61666211E-02
   1.87500000       3.44605185E-02
   1.89843750       2.38822531E-02
   1.92187500       1.48025984E-02
   1.94531250       7.57563300E-03
   1.96875000       2.58005201E-03
   1.99218750       1.62776269E-04
   2.01562500       6.97494310E-04
   2.03906250       4.49589361E-03
   2.06250000       1.18680252E-02
   2.08593750       2.30839159E-02
   2.10937500       3.84086110E-02
   2.13281250       5.80091327E-02
   2.15625000       8.20194259E-02
   2.17968750      0.110550866    
   2.20312500      0.143606350    
   2.22656250      0.181087211    
   2.25000000      0.222872153    
   2.27343750      0.268759519    
   2.29687500      0.318382293    
   2.32031250      0.371353805    
   2.34375000      0.427115440    
   2.36718750      0.485073566    
   2.39062500      0.544503331    
   2.41406250      0.604533195    
   2.43750000      0.664314628    
   2.46093750      0.722750723    
   2.48437500      0.778779626    
   2.50781250      0.831241846    
   2.53125000      0.878821313    
   2.55468750      0.920355618    
   2.57812500      0.954467416    
   2.60156250      0.979846656    
   2.62500000      0.995434880    
   2.64843750      0.999924958    
   2.67187500      0.992379904    
   2.69531250      0.971952021    
   2.71875000      0.937981606    
   2.74218750      0.890383124    
   2.76562500      0.829176962    
   2.78906250      0.754958391    
   2.81250000      0.669085741    
   2.83593750      0.573342085    
   2.85937500      0.470400393    
   2.88281250      0.364122063    
   2.90625000      0.259245783    
   2.92968750      0.161988586    
   2.95312500       7.97597021E-02
   2.97656250       2.20995545E-02
   3.00000000       0.00000000    
