   1.00000000       0.00000000    
   1.01171875       1.90319610E-04
   1.02343750       7.88741454E-04
   1.03515625       1.83339359E-03
   1.04687500       3.35843721E-03
   1.05859375       5.39421663E-03
   1.07031250       7.96740688E-03
   1.08203125       1.11011574E-02
   1.09375000       1.48152374E-02
   1.10546875       1.91261638E-02
   1.11718750       2.40473505E-02
   1.12890625       2.95892339E-02
   1.14062500       3.57594118E-02
   1.15234375       4.25627530E-02
   1.16406250       5.00015430E-02
   1.17578125       5.80755882E-02
   1.18750000       6.67823702E-02
   1.19921875       7.61171132E-02
   1.21093750       8.60729367E-02
   1.22265625       9.66409519E-02
   1.23437500      0.107810386    
   1.24609375      0.119568676    
   1.25781250      0.131901547    
   1.26953125      0.144793198    
   1.28125000      0.158226326    
   1.29296875      0.172182187    
   1.30468750      0.186640874    
   1.31640625      0.201581195    
   1.32812500      0.216980830    
   1.33984375      0.232816562    
   1.35156250      0.249064162    
   1.36328125      0.265698522    
   1.37500000      0.282693863    
   1.38671875      0.300023675    
   1.39843750      0.317660779    
   1.41015625      0.335577577    
   1.42187500      0.353745967    
   1.43359375      0.372137457    
   1.44531250      0.390723169    
   1.45703125      0.409474105    
   1.46875000      0.428360969    
   1.48046875      0.447354347    
   1.49218750      0.466424763    
   1.50390625      0.485542804    
   1.51562500      0.504679084    
   1.52734375      0.523804188    
   1.53906250      0.542888939    
   1.55078125      0.561904490    
   1.56250000      0.580822051    
   1.57421875      0.599613190    
   1.58593750      0.618249953    
   1.59765625      0.636704504    
   1.60937500      0.654949725    
   1.62109375      0.672958851    
   1.63281250      0.690705538    
   1.64453125      0.708164036    
   1.65625000      0.725309193    
   1.66796875      0.742116570    
   1.67968750      0.758562267    
   1.69140625      0.774622917    
   1.70312500      0.790275991    
   1.71484375      0.805499852    
   1.72656250      0.820273280    
   1.73828125      0.834576070    
   1.75000000      0.848388672    
   1.76171875      0.861692429    
   1.77343750      0.874469519    
   1.78515625      0.886703074    
   1.79687500      0.898376584    
   1.80859375      0.909475207    
   1.82031250      0.919984281    
   1.83203125      0.929890573    
   1.84375000      0.939181507    
   1.85546875      0.947845340    
   1.86718750      0.955871582    
   1.87890625      0.963250220    
   1.89062500      0.969972551    
   1.90234375      0.976031005    
   1.91406250      0.981418312    
   1.92578125      0.986128807    
   1.93750000      0.990157127    
   1.94921875      0.993499756    
   1.96093750      0.996152937    
   1.97265625      0.998115063    
   1.98437500      0.999384701    
   1.99609375      0.999961615    
   2.00781250      0.999846339    
   2.01953125      0.999040663    
   2.03125000      0.997546911    
   2.04296875      0.995368719    
   2.05468750      0.992510080    
   2.06640625      0.988976419    
   2.07812500      0.984773695    
   2.08984375      0.979908943    
   2.10156250      0.974389791    
   2.11328125      0.968225062    
   2.12500000      0.961423874    
   2.13671875      0.953996718    
   2.14843750      0.945954561    
   2.16015625      0.937309206    
   2.17187500      0.928073108    
   2.18359375      0.918259680    
   2.19531250      0.907882810    
   2.20703125      0.896957278    
   2.21875000      0.885498405    
   2.23046875      0.873522162    
   2.24218750      0.861045301    
   2.25390625      0.848085046    
   2.26562500      0.834659040    
   2.27734375      0.820785999    
   2.28906250      0.806484699    
   2.30078125      0.791774750    
   2.31250000      0.776675880    
   2.32421875      0.761208713    
   2.33593750      0.745393932    
   2.34765625      0.729252994    
   2.35937500      0.712807477    
   2.37109375      0.696079314    
   2.38281250      0.679090977    
   2.39453125      0.661865056    
   2.40625000      0.644424617    
   2.41796875      0.626792669    
   2.42968750      0.608992875    
   2.44140625      0.591048717    
   2.45312500      0.572984040    
   2.46484375      0.554822683    
   2.47656250      0.536588788    
   2.48828125      0.518306434    
   2.50000000      0.499999970    
   2.51171875      0.481693506    
   2.52343750      0.463411212    
   2.53515625      0.445177287    
   2.54687500      0.427015990    
   2.55859375      0.408951312    
   2.57031250      0.391007066    
   2.58203125      0.373207361    
   2.59375000      0.355575353    
   2.60546875      0.338134944    
   2.61718750      0.320909053    
   2.62890625      0.303920716    
   2.64062500      0.287192434    
   2.65234375      0.270746917    
   2.66406250      0.254605889    
   2.67578125      0.238791406    
   2.68750000      0.223324001    
   2.69921875      0.208225265    
   2.71093750      0.193515331    
   2.72265625      0.179213956    
   2.73437500      0.165340975    
   2.74609375      0.151915118    
   2.75781250      0.138954625    
   2.76953125      0.126477882    
   2.78125000      0.114501663    
   2.79296875      0.103042543    
   2.80468750       9.21172276E-02
   2.81640625       8.17403719E-02
   2.82812500       7.19269887E-02
   2.83984375       6.26909360E-02
   2.85156250       5.40454611E-02
   2.86328125       4.60032672E-02
   2.87500000       3.85760851E-02
   2.88671875       3.17750536E-02
   2.89843750       2.56102998E-02
   2.91015625       2.00909302E-02
   2.92187500       1.52261769E-02
   2.93359375       1.10234367E-02
   2.94531250       7.48983352E-03
   2.95703125       4.63139871E-03
   2.96875000       2.45303614E-03
   2.98046875       9.59392113E-04
   2.99218750       1.53516070E-04
   3.00390625       3.84466584E-05
   3.01562500       6.15097524E-04
   3.02734375       1.88487256E-03
   3.03906250       3.84699507E-03
   3.05078125       6.50046067E-03
   3.06250000       9.84276831E-03
   3.07421875       1.38712311E-02
   3.08593750       1.85816530E-02
   3.09765625       2.39691250E-02
   3.10937500       3.00271641E-02
   3.12109375       3.67497653E-02
   3.13281250       4.41284627E-02
   3.14453125       5.21547124E-02
   3.15625000       6.08186685E-02
   3.16796875       7.01091886E-02
   3.17968750       8.00157636E-02
   3.19140625       9.05246511E-02
   3.20312500      0.101623461    
   3.21484375      0.113296844    
   3.22656250      0.125530198    
   3.23828125      0.138307720    
   3.25000000      0.151611581    
   3.26171875      0.165424109    
   3.27343750      0.179726779    
   3.28515625      0.194500253    
   3.29687500      0.209723920    
   3.30859375      0.225377515    
   3.32031250      0.241437599    
   3.33203125      0.257883191    
   3.34375000      0.274691015    
   3.35546875      0.291836023    
   3.36718750      0.309294820    
   3.37890625      0.327040941    
   3.39062500      0.345050216    
   3.40234375      0.363295466    
   3.41406250      0.381749809    
   3.42578125      0.400386423    
   3.43750000      0.419177502    
   3.44921875      0.438095778    
   3.46093750      0.457111537    
   3.47265625      0.476196229    
   3.48437500      0.495320916    
   3.49609375      0.514456987    
   3.50781250      0.533575237    
   3.51953125      0.552644908    
   3.53125000      0.571638644    
   3.54296875      0.590525627    
   3.55468750      0.609276712    
   3.56640625      0.627862751    
   3.57812500      0.646254361    
   3.58984375      0.664422452    
   3.60156250      0.682339430    
   3.61328125      0.699976146    
   3.62500000      0.717305601    
   3.63671875      0.734301031    
   3.64843750      0.750935376    
   3.66015625      0.767183244    
   3.67187500      0.783019602    
   3.68359375      0.798418939    
   3.69531250      0.813358486    
   3.70703125      0.827818215    
   3.71875000      0.841773510    
   3.73046875      0.855205834    
   3.74218750      0.868098080    
   3.75390625      0.880430400    
   3.76562500      0.892190039    
   3.77734375      0.903359354    
   3.78906250      0.913927197    
   3.80078125      0.923882723    
   3.81250000      0.933217645    
   3.82421875      0.941924155    
   3.83593750      0.949999392    
   3.84765625      0.957436860    
   3.85937500      0.964239836    
   3.87109375      0.970411062    
   3.88281250      0.975953043    
   3.89453125      0.980874181    
   3.90625000      0.985184133    
   3.91796875      0.988898814    
   3.92968750      0.992032647    
   3.94140625      0.994606674    
   3.95312500      0.996640921    
   3.96484375      0.998165965    
   3.97656250      0.999211550    
   3.98828125      0.999810338    
   4.00000000       1.00000048    
