   0.00000000       0.00000000    
   1.22718466E-02   1.22715384E-02
   2.45436933E-02   2.45412290E-02
   3.68155390E-02   3.68072204E-02
   4.90873866E-02   4.90676649E-02
   6.13592342E-02   6.13207109E-02
   7.36310780E-02   7.35645071E-02
   8.59029293E-02   8.57972130E-02
   9.81747732E-02   9.80169699E-02
  0.110446617      0.110221937    
  0.122718468      0.122410275    
  0.134990320      0.134580135    
  0.147262156      0.146729648    
  0.159534007      0.158857033    
  0.171805859      0.170960426    
  0.184077695      0.183037981    
  0.196349546      0.195087910    
  0.208621398      0.207108349    
  0.220893234      0.219097480    
  0.233165085      0.231053501    
  0.245436937      0.242974639    
  0.257708788      0.254859030    
  0.269980639      0.266704917    
  0.282252461      0.278510451    
  0.294524312      0.290273905    
  0.306796163      0.301993489    
  0.319068015      0.313667387    
  0.331339866      0.325293899    
  0.343611717      0.336871237    
  0.355883539      0.348397583    
  0.368155390      0.359871298    
  0.380427241      0.371290594    
  0.392699093      0.382653773    
  0.404970944      0.393959075    
  0.417242795      0.405204803    
  0.429514647      0.416389316    
  0.441786468      0.427510828    
  0.454058319      0.438567698    
  0.466330171      0.449558288    
  0.478602022      0.460480928    
  0.490873873      0.471333981    
  0.503145695      0.482115686    
  0.515417576      0.492824614    
  0.527689397      0.503459036    
  0.539961278      0.514017344    
  0.552233100      0.524497986    
  0.564504921      0.534899294    
  0.576776803      0.545219898    
  0.589048624      0.555457950    
  0.601320505      0.565612257    
  0.613592327      0.575680971    
  0.625864208      0.585662782    
  0.638136029      0.595556140    
  0.650407851      0.605359495    
  0.662679732      0.615071416    
  0.674951553      0.624690473    
  0.687223434      0.634215236    
  0.699495256      0.643644154    
  0.711767077      0.652975857    
  0.724038959      0.662209034    
  0.736310780      0.671342254    
  0.748582661      0.680374146    
  0.760854483      0.689303279    
  0.773126364      0.698128462    
  0.785398185      0.706848264    
  0.797670007      0.715461314    
  0.809941888      0.723966539    
  0.822213709      0.732362509    
  0.834485590      0.740647972    
  0.846757412      0.748821735    
  0.859029293      0.756882548    
  0.871301115      0.764829218    
  0.883572936      0.772660553    
  0.895844817      0.780375421    
  0.908116639      0.787972510    
  0.920388520      0.795450926    
  0.932660341      0.802809417    
  0.944932163      0.810046852    
  0.957204044      0.817162216    
  0.969475865      0.824154496    
  0.981747746      0.831022501    
  0.994019568      0.837765336    
   1.00629139      0.844381928    
   1.01856327      0.850871384    
   1.03083515      0.857232630    
   1.04310691      0.863464653    
   1.05537879      0.869566798    
   1.06765068      0.875537872    
   1.07992256      0.881377220    
   1.09219432      0.887083709    
   1.10446620      0.892656684    
   1.11673808      0.898095310    
   1.12900984      0.903398752    
   1.14128172      0.908566177    
   1.15355361      0.913596809    
   1.16582549      0.918489993    
   1.17809725      0.923244894    
   1.19036913      0.927860975    
   1.20264101      0.932337284    
   1.21491277      0.936673403    
   1.22718465      0.940868556    
   1.23945653      0.944922149    
   1.25172842      0.948833644    
   1.26400018      0.952602386    
   1.27627206      0.956227839    
   1.28854394      0.959709466    
   1.30081570      0.963046670    
   1.31308758      0.966239154    
   1.32535946      0.969286263    
   1.33763123      0.972187638    
   1.34990311      0.974942744    
   1.36217499      0.977551341    
   1.37444687      0.980012894    
   1.38671863      0.982327044    
   1.39899051      0.984493554    
   1.41126239      0.986512125    
   1.42353415      0.988382220    
   1.43580604      0.990103841    
   1.44807792      0.991676569    
   1.46034980      0.993100286    
   1.47262156      0.994374633    
   1.48489344      0.995499492    
   1.49716532      0.996474683    
   1.50943708      0.997300148    
   1.52170897      0.997975647    
   1.53398085      0.998501241    
   1.54625273      0.998876631    
   1.55852449      0.999101877    
   1.57079637      0.999176979    
   1.58306825      0.999101937    
   1.59534001      0.998876691    
   1.60761189      0.998501182    
   1.61988378      0.997975647    
   1.63215566      0.997300148    
   1.64442742      0.996474802    
   1.65669930      0.995499432    
   1.66897118      0.994374692    
   1.68124294      0.993100226    
   1.69351482      0.991676569    
   1.70578671      0.990103841    
   1.71805859      0.988382280    
   1.73033035      0.986512065    
   1.74260223      0.984493613    
   1.75487411      0.982327104    
   1.76714587      0.980012834    
   1.77941775      0.977551281    
   1.79168963      0.974942803    
   1.80396152      0.972187579    
   1.81623328      0.969286203    
   1.82850516      0.966239154    
   1.84077704      0.963046670    
   1.85304880      0.959709406    
   1.86532068      0.956227779    
   1.87759256      0.952602446    
   1.88986433      0.948833823    
   1.90213621      0.944922209    
   1.91440809      0.940868556    
   1.92667997      0.936673403    
   1.93895173      0.932337344    
   1.95122361      0.927860916    
   1.96349549      0.923244834    
   1.97576725      0.918490112    
   1.98803914      0.913596869    
   2.00031090      0.908566296    
   2.01258278      0.903398871    
   2.02485466      0.898095369    
   2.03712654      0.892656803    
   2.04939842      0.887083888    
   2.06167030      0.881377101    
   2.07394218      0.875537932    
   2.08621383      0.869566917    
   2.09848571      0.863464832    
   2.11075759      0.857232690    
   2.12302947      0.850871384    
   2.13530135      0.844381988    
   2.14757323      0.837765336    
   2.15984511      0.831022441    
   2.17211676      0.824154496    
   2.18438864      0.817162395    
   2.19666052      0.810047030    
   2.20893240      0.802809477    
   2.22120428      0.795450926    
   2.23347616      0.787972629    
   2.24574804      0.780375361    
   2.25801969      0.772660732    
   2.27029157      0.764829338    
   2.28256345      0.756882548    
   2.29483533      0.748821676    
   2.30710721      0.740648091    
   2.31937909      0.732362628    
   2.33165097      0.723966420    
   2.34392262      0.715461373    
   2.35619450      0.706848264    
   2.36846638      0.698128462    
   2.38073826      0.689303398    
   2.39301014      0.680374205    
   2.40528202      0.671342313    
   2.41755390      0.662209094    
   2.42982554      0.652976096    
   2.44209743      0.643644154    
   2.45436931      0.634215295    
   2.46664119      0.624690652    
   2.47891307      0.615071535    
   2.49118495      0.605359435    
   2.50345683      0.595556140    
   2.51572847      0.585662782    
   2.52800035      0.575681210    
   2.54027224      0.565612316    
   2.55254412      0.555458069    
   2.56481600      0.545219898    
   2.57708788      0.534899354    
   2.58935976      0.524497926    
   2.60163140      0.514017463    
   2.61390328      0.503459215    
   2.62617517      0.492824703    
   2.63844705      0.482115865    
   2.65071893      0.471334010    
   2.66299081      0.460481048    
   2.67526245      0.449558496    
   2.68753433      0.438567966    
   2.69980621      0.427511036    
   2.71207809      0.416389436    
   2.72434998      0.405204833    
   2.73662186      0.393958956    
   2.74889374      0.382653922    
   2.76116538      0.371290922    
   2.77343726      0.359871387    
   2.78570914      0.348397851    
   2.79798102      0.336871386    
   2.81025290      0.325293809    
   2.82252479      0.313667327    
   2.83479667      0.301993638    
   2.84706831      0.290274233    
   2.85934019      0.278510600    
   2.87161207      0.266705036    
   2.88388395      0.254858941    
   2.89615583      0.242974669    
   2.90842772      0.231053710    
   2.92069960      0.219097331    
   2.93297124      0.207108602    
   2.94524312      0.195088118    
   2.95751500      0.183038190    
   2.96978688      0.170960367    
   2.98205876      0.158857286    
   2.99433064      0.146729723    
   3.00660253      0.134580106    
   3.01887417      0.122410491    
   3.03114605      0.110222057    
   3.04341793       9.80169028E-02
   3.05568981       8.57974887E-02
   3.06796169       7.35645816E-02
   3.08023357       6.13206625E-02
   3.09250546       4.90676500E-02
   3.10477710       3.68074141E-02
   3.11704898       2.45414227E-02
   3.12932086       1.22718457E-02
   3.14159274       3.93155446E-08
