10   grado
0.0108856709269715035980309994386 0.0278342835580868332413768602214
0.056468700115952350462421115348 0.0627901847324523123173471496119
0.134923997212975337953291873984 0.0931451054638671257130488207156
0.240451935396594092037137165271 0.116596882295995239959261852422
0.3652284220238275138342340073 0.131402272255123331090344434945
0.5 0.136462543388950315357241764168
0.6347715779761724861657659927 0.131402272255123331090344434945
0.759548064603405907962862834729 0.116596882295995239959261852422
0.865076002787024662046708126016 0.093145105463867125713048820716
0.943531299884047649537578884652 0.0627901847324523123173471496119
0.989114329073028496401969000561 0.0278342835580868332413768602214
