13   grado
0.00685809565159383057920136664798 0.0175597301658759315159164380693
0.035782558168213241331804430311 0.0400790435798801049028166385309
0.0863993424651175034051026286749 0.0607592853439515923447074045371
0.15635354759415726492599009849 0.0786015835790967672848009693117
0.242375681820922954017354640724 0.0927691987389689068708582950628
0.340443815536055119782164087916 0.102599231860647801982962032831
0.44597252564632816896687767489 0.107631926731578895097938221658
0.55402747435367183103312232511 0.107631926731578895097938221658
0.659556184463944880217835912084 0.102599231860647801982962032831
0.757624318179077045982645359276 0.0927691987389689068708582950626
0.84364645240584273507400990151 0.0786015835790967672848009693123
0.913600657534882496594897371325 0.0607592853439515923447074045352
0.964217441831786758668195569689 0.0400790435798801049028166385325
0.993141904348406169420798633352 0.0175597301658759315159164380674
