11   grado
0.00921968287664037465472545492534 0.023587668193255913597307980742
0.0479413718147625716607670669405 0.0534696629976592154801273590971
0.115048662902847656481553083394 0.0800391642716731131673262647715
0.20634102285669127635164879053 0.101583713361532960874532227905
0.316084250500909903123654231678 0.116746268269177404380424949462
0.437383295744265542263779315268 0.124573522906701392500281218021
0.562616704255734457736220684732 0.124573522906701392500281218021
0.683915749499090096876345768322 0.116746268269177404380424949462
0.79365897714330872364835120947 0.101583713361532960874532227905
0.884951337097152343518446916606 0.0800391642716731131673262647719
0.95205862818523742833923293306 0.0534696629976592154801273590964
0.990780317123359625345274545075 0.0235876681932559135973079807436
