14   grado
0.00600374098975728575521714070667 0.0153766209980586341773141967875
0.0313633037996470478461205261449 0.0351830237440540623546337082261
0.0758967082947863918996758396129 0.0535796102335859675059347733429
0.137791134319914976291906972693 0.0697853389630771572239023972558
0.214513913695730576231386631373 0.0831346029084969667766004302404
0.302924326461218315051396314509 0.0930805000077811055134002809333
0.399402953001282738849685848303 0.0992157426635557882280591632219
0.5 0.101289120962780636440310099984
0.600597046998717261150314151697 0.0992157426635557882280591632219
0.697075673538781684948603685491 0.0930805000077811055134002809332
0.785486086304269423768613368627 0.0831346029084969667766004302407
0.862208865680085023708093027307 0.0697853389630771572239023972555
0.924103291705213608100324160387 0.0535796102335859675059347733434
0.968636696200352952153879473855 0.0351830237440540623546337082252
0.993996259010242714244782859293 0.0153766209980586341773141967895
