9   grado
0.0130467357414141399610179939578 0.0333356721543440687967844049468
0.0674683166555077446339516557882 0.0747256745752902965728881698288
0.160295215850487796882836317443 0.109543181257991021997767467114
0.283302302935376404600367028417 0.134633359654998177545613460785
0.425562830509184394557586999435 0.147762112357376435086946497326
0.574437169490815605442413000565 0.147762112357376435086946497326
0.716697697064623595399632971583 0.134633359654998177545613460785
0.839704784149512203117163682557 0.109543181257991021997767467114
0.932531683344492255366048344212 0.0747256745752902965728881698288
0.986953264258585860038982006042 0.0333356721543440687967844049468
