8   grado
0.0159198802461869550822118985482 0.0406371941807872059859460790552
0.0819844463366821028502851059651 0.0903240803474287020292360156216
0.193314283649704801345648980329 0.130305348201467731159371434709
0.337873288298095535480730992678 0.156173538520001420034315203292
0.5 0.165119677500629881582262534643
0.662126711701904464519269007322 0.156173538520001420034315203292
0.806685716350295198654351019671 0.130305348201467731159371434709
0.918015553663317897149714894035 0.0903240803474287020292360156216
0.984080119753813044917788101452 0.0406371941807872059859460790552
