12   grado
0.00790847264070592526358527559644 0.0202420023826579397600107961002
0.0412008003885110173967260817496 0.0460607499188642239572108879766
0.0992109546333450436028967552086 0.0694367551098936192318008884345
0.178825330279829889678007696502 0.089072990380972869140023345998
0.275753624481776573561043573936 0.103908023768444251156261609653
0.384770842022432602967235939451 0.11314159013144861920604509302
0.5 0.116275776615436955097294757634
0.615229157977567397032764060549 0.11314159013144861920604509302
0.724246375518223426438956426064 0.103908023768444251156261609653
0.821174669720170110321992303498 0.0890729903809728691400233459982
0.900789045366654956397103244791 0.0694367551098936192318008884341
0.95879919961148898260327391825 0.0460607499188642239572108879773
0.992091527359294074736414724404 0.0202420023826579397600107961002
