 9
    0.000000000000000000    0.031886160714285714
    0.111111111111111111    0.175680803571428571
    0.222222222222222222    0.012053571428571429
    0.333333333333333333    0.215892857142857143
    0.444444444444444444    0.064486607142857143
    0.555555555555555556    0.064486607142857143
    0.666666666666666667    0.215892857142857143
    0.777777777777777778    0.012053571428571429
    0.888888888888888889    0.175680803571428571
    1.000000000000000000    0.031886160714285714
