 10
    0.000000000000000000    0.026834148361926140
    0.100000000000000000    0.177535941424830314
    0.200000000000000000   -0.081043570626903960
    0.300000000000000000    0.454946288279621613
    0.400000000000000000   -0.435155122655122655
    0.500000000000000000    0.713764630431297098
    0.600000000000000000   -0.435155122655122655
    0.700000000000000000    0.454946288279621613
    0.800000000000000000   -0.081043570626903960
    0.900000000000000000    0.177535941424830314
    1.000000000000000000    0.026834148361926140
