 11
    0.000000000000000000    0.024933230911963551
    0.090909090909090909    0.154855358520723104
    0.181818181818181818   -0.037169231793797766
    0.272727272727272727    0.289658254794973545
    0.363636363636363636   -0.110178089175485009
    0.454545454545454545    0.177900476741622575
    0.545454545454545455    0.177900476741622575
    0.636363636363636364   -0.110178089175485009
    0.727272727272727273    0.289658254794973545
    0.818181818181818182   -0.037169231793797766
    0.909090909090909091    0.154855358520723104
    1.000000000000000000    0.024933230911963551
