 12
    0.000000000000000000    0.021639487496630354
    0.083333333333333333    0.157036106750392465
    0.166666666666666667   -0.120321963750535179
    0.250000000000000000    0.566498897927469356
    0.333333333333333333   -0.816505637219922934
    0.416666666666666667    1.387759668902526045
    0.500000000000000000   -1.392213120213120213
    0.583333333333333333    1.387759668902526045
    0.666666666666666667   -0.816505637219922934
    0.750000000000000000    0.566498897927469356
    0.833333333333333333   -0.120321963750535179
    0.916666666666666667    0.157036106750392465
    1.000000000000000000    0.021639487496630354
