 13
    0.000000000000000000    0.020334719105123578
    0.076923076923076923    0.139876085265785373
    0.153846153846153846   -0.077711870288414187
    0.230769230769230769    0.387896154243882832
    0.307692307692307692   -0.376923816332117630
    0.384615384615384615    0.513676179556155375
    0.461538461538461538   -0.107147451550415340
    0.538461538461538462   -0.107147451550415340
    0.615384615384615385    0.513676179556155375
    0.692307692307692308   -0.376923816332117630
    0.769230769230769231    0.387896154243882832
    0.846153846153846154   -0.077711870288414187
    0.923076923076923077    0.139876085265785373
    1.000000000000000000    0.020334719105123578
