 14
    0.000000000000000000    0.018034471215798376
    0.071428571428571429    0.142087794692732964
    0.142857142857142857   -0.154025347052353225
    0.214285714285714286    0.699748910440268465
    0.285714285714285714   -1.323997605646525400
    0.357142857142857143    2.524077754435779127
    0.428571428571428571   -3.357864489505693209
    0.500000000000000000    3.903877022839985803
    0.571428571428571429   -3.357864489505693209
    0.642857142857142857    2.524077754435779127
    0.714285714285714286   -1.323997605646525400
    0.785714285714285714    0.699748910440268465
    0.857142857142857143   -0.154025347052353225
    0.928571428571428571    0.142087794692732964
    1.000000000000000000    0.018034471215798376
