  -3.00000000       0.00000000    
  -2.97656250       1.07288368E-04
  -2.95312500       4.18853801E-04
  -2.92968750       9.19246755E-04
  -2.90625000       1.59301772E-03
  -2.88281250       2.42471718E-03
  -2.85937500       3.39889550E-03
  -2.83593750       4.50010318E-03
  -2.81250000       5.71289100E-03
  -2.78906250       7.02180946E-03
  -2.76562500       8.41140840E-03
  -2.74218750       9.86623857E-03
  -2.71875000       1.13708507E-02
  -2.69531250       1.29097952E-02
  -2.67187500       1.44676222E-02
  -2.64843750       1.60288829E-02
  -2.62500000       1.75781269E-02
  -2.60156250       1.90999042E-02
  -2.57812500       2.05787681E-02
  -2.55468750       2.19992660E-02
  -2.53125000       2.33459491E-02
  -2.50781250       2.46033687E-02
  -2.48437500       2.57560760E-02
  -2.46093750       2.67886184E-02
  -2.43750000       2.76855491E-02
  -2.41406250       2.84314174E-02
  -2.39062500       2.90107746E-02
  -2.36718750       2.94081718E-02
  -2.34375000       2.96081565E-02
  -2.32031250       2.95952819E-02
  -2.29687500       2.93540973E-02
  -2.27343750       2.88691539E-02
  -2.25000000       2.81250030E-02
  -2.22656250       2.71061920E-02
  -2.20312500       2.57972740E-02
  -2.17968750       2.41827983E-02
  -2.15625000       2.22473163E-02
  -2.13281250       1.99753772E-02
  -2.10937500       1.73515342E-02
  -2.08593750       1.43603338E-02
  -2.06250000       1.09863291E-02
  -2.03906250       7.21406983E-03
  -2.01562500       3.02810688E-03
  -1.99218750      -1.58662803E-03
  -1.96875000      -6.62231492E-03
  -1.94531250      -1.20356567E-02
  -1.92187500      -1.77803040E-02
  -1.89843750      -2.38099117E-02
  -1.87500000      -3.00781261E-02
  -1.85156250      -3.65386009E-02
  -1.82812500      -4.31449898E-02
  -1.80468750      -4.98509444E-02
  -1.78125000      -5.66101111E-02
  -1.75781250      -6.33761436E-02
  -1.73437500      -7.01026991E-02
  -1.71093750      -7.67434165E-02
  -1.68750000      -8.32519606E-02
  -1.66406250      -8.95819739E-02
  -1.64062500      -9.56871063E-02
  -1.61718750     -0.101521023    
  -1.59375000     -0.107037358    
  -1.57031250     -0.112189777    
  -1.54687500     -0.116931923    
  -1.52343750     -0.121217452    
  -1.50000000     -0.125000000    
  -1.47656250     -0.128233254    
  -1.45312500     -0.130870834    
  -1.42968750     -0.132866398    
  -1.40625000     -0.134173587    
  -1.38281250     -0.134746090    
  -1.35937500     -0.134537518    
  -1.33593750     -0.133501545    
  -1.31250000     -0.131591812    
  -1.28906250     -0.128761962    
  -1.26562500     -0.124965675    
  -1.24218750     -0.120156579    
  -1.21875000     -0.114288338    
  -1.19531250     -0.107314594    
  -1.17187500      -9.91889983E-02
  -1.14843750      -8.98652151E-02
  -1.12500000      -7.92968795E-02
  -1.10156250      -6.74376562E-02
  -1.07812500      -5.42411841E-02
  -1.05468750      -3.96611243E-02
  -1.03125000      -2.36511249E-02
  -1.00781250      -6.16483716E-03
 -0.984375000       1.28372181E-02
 -0.960937500       3.33147049E-02
 -0.937500000       5.51757775E-02
 -0.914062500       7.83277452E-02
 -0.890625000      0.102677912    
 -0.867187500      0.128133580    
 -0.843750000      0.154602051    
 -0.820312500      0.181990623    
 -0.796875000      0.210206598    
 -0.773437500      0.239157289    
 -0.750000000      0.268749982    
 -0.726562500      0.298892021    
 -0.703125000      0.329490662    
 -0.679687500      0.360453218    
 -0.656250000      0.391687006    
 -0.632812500      0.423099309    
 -0.609375000      0.454597473    
 -0.585937500      0.486088753    
 -0.562500000      0.517480433    
 -0.539062500      0.548679888    
 -0.515625000      0.579594433    
 -0.492187500      0.610131264    
 -0.468750000      0.640197754    
 -0.445312500      0.669701219    
 -0.421875000      0.698548913    
 -0.398437500      0.726648152    
 -0.375000000      0.753906250    
 -0.351562500      0.780230522    
 -0.328125000      0.805528283    
 -0.304687500      0.829706788    
 -0.281250000      0.852673352    
 -0.257812500      0.874335289    
 -0.234375000      0.894599915    
 -0.210937500      0.913374543    
 -0.187500000      0.930566430    
 -0.164062500      0.946082890    
 -0.140625000      0.959831238    
 -0.117187500      0.971718788    
  -9.37500000E-02  0.981652856    
  -7.03125000E-02  0.989540696    
  -4.68750000E-02  0.995289624    
  -2.34375000E-02  0.998806953    
   0.00000000       1.00000000    
   2.34375000E-02  0.998806953    
   4.68750000E-02  0.995289624    
   7.03125000E-02  0.989540696    
   9.37500000E-02  0.981652856    
  0.117187500      0.971718788    
  0.140625000      0.959831238    
  0.164062500      0.946082890    
  0.187500000      0.930566430    
  0.210937500      0.913374543    
  0.234375000      0.894599915    
  0.257812500      0.874335289    
  0.281250000      0.852673352    
  0.304687500      0.829706788    
  0.328125000      0.805528283    
  0.351562500      0.780230522    
  0.375000000      0.753906250    
  0.398437500      0.726648152    
  0.421875000      0.698548913    
  0.445312500      0.669701219    
  0.468750000      0.640197754    
  0.492187500      0.610131264    
  0.515625000      0.579594433    
  0.539062500      0.548679948    
  0.562500000      0.517480493    
  0.585937500      0.486088753    
  0.609375000      0.454597473    
  0.632812500      0.423099339    
  0.656250000      0.391687006    
  0.679687500      0.360453218    
  0.703125000      0.329490662    
  0.726562500      0.298892021    
  0.750000000      0.268750012    
  0.773437500      0.239157304    
  0.796875000      0.210206613    
  0.820312500      0.181990623    
  0.843750000      0.154602051    
  0.867187500      0.128133580    
  0.890625000      0.102677919    
  0.914062500       7.83277526E-02
  0.937500000       5.51757850E-02
  0.960937500       3.33147049E-02
  0.984375000       1.28372200E-02
   1.00781250      -6.16483670E-03
   1.03125000      -2.36511230E-02
   1.05468750      -3.96611206E-02
   1.07812500      -5.42411804E-02
   1.10156250      -6.74376488E-02
   1.12500000      -7.92968720E-02
   1.14843750      -8.98652077E-02
   1.17187500      -9.91889983E-02
   1.19531250     -0.107314587    
   1.21875000     -0.114288330    
   1.24218750     -0.120156571    
   1.26562500     -0.124965668    
   1.28906250     -0.128761962    
   1.31250000     -0.131591797    
   1.33593750     -0.133501530    
   1.35937500     -0.134537503    
   1.38281250     -0.134746075    
   1.40625000     -0.134173587    
   1.42968750     -0.132866383    
   1.45312500     -0.130870819    
   1.47656250     -0.128233239    
   1.50000000     -0.125000000    
   1.52343750     -0.121217445    
   1.54687500     -0.116931915    
   1.57031250     -0.112189770    
   1.59375000     -0.107037351    
   1.61718750     -0.101521015    
   1.64062500      -9.56871063E-02
   1.66406250      -8.95819664E-02
   1.68750000      -8.32519531E-02
   1.71093750      -7.67434090E-02
   1.73437500      -7.01026917E-02
   1.75781250      -6.33761436E-02
   1.78125000      -5.66101074E-02
   1.80468750      -4.98509407E-02
   1.82812500      -4.31449898E-02
   1.85156250      -3.65386009E-02
   1.87500000      -3.00781261E-02
   1.89843750      -2.38099098E-02
   1.92187500      -1.77803040E-02
   1.94531250      -1.20356567E-02
   1.96875000      -6.62231445E-03
   1.99218750      -1.58662803E-03
   2.01562500       3.02810641E-03
   2.03906250       7.21406890E-03
   2.06250000       1.09863272E-02
   2.08593750       1.43603319E-02
   2.10937500       1.73515305E-02
   2.13281250       1.99753754E-02
   2.15625000       2.22473126E-02
   2.17968750       2.41827946E-02
   2.20312500       2.57972702E-02
   2.22656250       2.71061882E-02
   2.25000000       2.81249993E-02
   2.27343750       2.88691502E-02
   2.29687500       2.93540936E-02
   2.32031250       2.95952782E-02
   2.34375000       2.96081528E-02
   2.36718750       2.94081662E-02
   2.39062500       2.90107708E-02
   2.41406250       2.84314137E-02
   2.43750000       2.76855454E-02
   2.46093750       2.67886147E-02
   2.48437500       2.57560723E-02
   2.50781250       2.46033650E-02
   2.53125000       2.33459454E-02
   2.55468750       2.19992623E-02
   2.57812500       2.05787644E-02
   2.60156250       1.90999024E-02
   2.62500000       1.75781231E-02
   2.64843750       1.60288792E-02
   2.67187500       1.44676203E-02
   2.69531250       1.29097933E-02
   2.71875000       1.13708489E-02
   2.74218750       9.86623671E-03
   2.76562500       8.41140654E-03
   2.78906250       7.02180807E-03
   2.81250000       5.71289007E-03
   2.83593750       4.50010272E-03
   2.85937500       3.39889503E-03
   2.88281250       2.42471672E-03
   2.90625000       1.59301748E-03
   2.92968750       9.19246639E-04
   2.95312500       4.18853742E-04
   2.97656250       1.07288353E-04
   3.00000000       0.00000000    
