  -3.00000000       0.00000000    
  -2.97656250       2.26020813E-02
  -2.95312500       4.35607918E-02
  -2.92968750       6.29173294E-02
  -2.90625000       8.07128921E-02
  -2.88281250       9.69886780E-02
  -2.85937500      0.111785889    
  -2.83593750      0.125145718    
  -2.81250000      0.137109369    
  -2.78906250      0.147718042    
  -2.76562500      0.157012939    
  -2.74218750      0.165035248    
  -2.71875000      0.171826169    
  -2.69531250      0.177426904    
  -2.67187500      0.181878656    
  -2.64843750      0.185222626    
  -2.62500000      0.187500000    
  -2.60156250      0.188751981    
  -2.57812500      0.189019784    
  -2.55468750      0.188344583    
  -2.53125000      0.186767578    
  -2.50781250      0.184329987    
  -2.48437500      0.181072995    
  -2.46093750      0.177037820    
  -2.43750000      0.172265634    
  -2.41406250      0.166797638    
  -2.39062500      0.160675049    
  -2.36718750      0.153939053    
  -2.34375000      0.146630868    
  -2.32031250      0.138791665    
  -2.29687500      0.130462646    
  -2.27343750      0.121685028    
  -2.25000000      0.112500004    
  -2.22656250      0.102948762    
  -2.20312500       9.30725113E-02
  -2.17968750       8.29124451E-02
  -2.15625000       7.25097656E-02
  -2.13281250       6.19056709E-02
  -2.10937500       5.11413589E-02
  -2.08593750       4.02580276E-02
  -2.06250000       2.92968769E-02
  -2.03906250       1.82991028E-02
  -2.01562500       7.30590848E-03
  -1.99218750      -3.64157371E-03
  -1.96875000      -1.45060224E-02
  -1.94531250      -2.52560303E-02
  -1.92187500      -3.58606987E-02
  -1.89843750      -4.62891273E-02
  -1.87500000      -5.65104187E-02
  -1.85156250      -6.64936677E-02
  -1.82812500      -7.62079880E-02
  -1.80468750      -8.56224746E-02
  -1.78125000      -9.47062224E-02
  -1.75781250     -0.103428334    
  -1.73437500     -0.111757919    
  -1.71093750     -0.119664066    
  -1.68750000     -0.127115890    
  -1.66406250     -0.134082481    
  -1.64062500     -0.140532941    
  -1.61718750     -0.146436378    
  -1.59375000     -0.151761889    
  -1.57031250     -0.156478569    
  -1.54687500     -0.160555527    
  -1.52343750     -0.163961858    
  -1.50000000     -0.166666672    
  -1.47656250     -0.168639064    
  -1.45312500     -0.169848129    
  -1.42968750     -0.170262977    
  -1.40625000     -0.169852704    
  -1.38281250     -0.168586418    
  -1.35937500     -0.166433215    
  -1.33593750     -0.163362190    
  -1.31250000     -0.159342453    
  -1.28906250     -0.154343098    
  -1.26562500     -0.148333237    
  -1.24218750     -0.141281962    
  -1.21875000     -0.133158371    
  -1.19531250     -0.123931572    
  -1.17187500     -0.113570668    
  -1.14843750     -0.102044746    
  -1.12500000      -8.93229246E-02
  -1.10156250      -7.53742903E-02
  -1.07812500      -6.01679534E-02
  -1.05468750      -4.36730087E-02
  -1.03125000      -2.58585624E-02
  -1.00781250      -6.69371337E-03
 -0.984375000       1.38465874E-02
 -0.960937500       3.57193947E-02
 -0.937500000       5.88378906E-02
 -0.914062500       8.31145272E-02
 -0.890625000      0.108461760    
 -0.867187500      0.134792045    
 -0.843750000      0.162017822    
 -0.820312500      0.190051556    
 -0.796875000      0.218805686    
 -0.773437500      0.248192683    
 -0.750000000      0.278124988    
 -0.726562500      0.308515072    
 -0.703125000      0.339275360    
 -0.679687500      0.370318323    
 -0.656250000      0.401556402    
 -0.632812500      0.432902038    
 -0.609375000      0.464267731    
 -0.585937500      0.495565891    
 -0.562500000      0.526708961    
 -0.539062500      0.557609439    
 -0.515625000      0.588179767    
 -0.492187500      0.618332386    
 -0.468750000      0.647979736    
 -0.445312500      0.677034259    
 -0.421875000      0.705408454    
 -0.398437500      0.733014762    
 -0.375000000      0.759765625    
 -0.351562500      0.785573483    
 -0.328125000      0.810350776    
 -0.304687500      0.834010005    
 -0.281250000      0.856463611    
 -0.257812500      0.877624035    
 -0.234375000      0.897403717    
 -0.210937500      0.915715098    
 -0.187500000      0.932470679    
 -0.164062500      0.947582901    
 -0.140625000      0.960964203    
 -0.117187500      0.972527027    
  -9.37500000E-02  0.982183814    
  -7.03125000E-02  0.989847064    
  -4.68750000E-02  0.995429218    
  -2.34375000E-02  0.998842716    
   0.00000000       1.00000000    
   2.34375000E-02  0.998842716    
   4.68750000E-02  0.995429218    
   7.03125000E-02  0.989847064    
   9.37500000E-02  0.982183874    
  0.117187500      0.972527027    
  0.140625000      0.960964203    
  0.164062500      0.947582901    
  0.187500000      0.932470739    
  0.210937500      0.915715158    
  0.234375000      0.897403717    
  0.257812500      0.877624035    
  0.281250000      0.856463611    
  0.304687500      0.834010065    
  0.328125000      0.810350835    
  0.351562500      0.785573483    
  0.375000000      0.759765625    
  0.398437500      0.733014762    
  0.421875000      0.705408514    
  0.445312500      0.677034318    
  0.468750000      0.647979736    
  0.492187500      0.618332386    
  0.515625000      0.588179767    
  0.539062500      0.557609499    
  0.562500000      0.526709020    
  0.585937500      0.495565891    
  0.609375000      0.464267731    
  0.632812500      0.432902068    
  0.656250000      0.401556402    
  0.679687500      0.370318323    
  0.703125000      0.339275360    
  0.726562500      0.308515072    
  0.750000000      0.278125018    
  0.773437500      0.248192698    
  0.796875000      0.218805701    
  0.820312500      0.190051571    
  0.843750000      0.162017822    
  0.867187500      0.134792045    
  0.890625000      0.108461767    
  0.914062500       8.31145346E-02
  0.937500000       5.88378944E-02
  0.960937500       3.57193947E-02
  0.984375000       1.38465893E-02
   1.00781250      -6.69371290E-03
   1.03125000      -2.58585606E-02
   1.05468750      -4.36730050E-02
   1.07812500      -6.01679496E-02
   1.10156250      -7.53742829E-02
   1.12500000      -8.93229172E-02
   1.14843750     -0.102044739    
   1.17187500     -0.113570660    
   1.19531250     -0.123931564    
   1.21875000     -0.133158371    
   1.24218750     -0.141281947    
   1.26562500     -0.148333237    
   1.28906250     -0.154343098    
   1.31250000     -0.159342453    
   1.33593750     -0.163362190    
   1.35937500     -0.166433215    
   1.38281250     -0.168586418    
   1.40625000     -0.169852704    
   1.42968750     -0.170262977    
   1.45312500     -0.169848129    
   1.47656250     -0.168639064    
   1.50000000     -0.166666672    
   1.52343750     -0.163961858    
   1.54687500     -0.160555527    
   1.57031250     -0.156478569    
   1.59375000     -0.151761889    
   1.61718750     -0.146436378    
   1.64062500     -0.140532941    
   1.66406250     -0.134082481    
   1.68750000     -0.127115890    
   1.71093750     -0.119664066    
   1.73437500     -0.111757919    
   1.75781250     -0.103428334    
   1.78125000      -9.47062224E-02
   1.80468750      -8.56224746E-02
   1.82812500      -7.62079880E-02
   1.85156250      -6.64936751E-02
   1.87500000      -5.65104187E-02
   1.89843750      -4.62891273E-02
   1.92187500      -3.58606987E-02
   1.94531250      -2.52560303E-02
   1.96875000      -1.45060224E-02
   1.99218750      -3.64157371E-03
   2.01562500       7.30590848E-03
   2.03906250       1.82991028E-02
   2.06250000       2.92968750E-02
   2.08593750       4.02580276E-02
   2.10937500       5.11413589E-02
   2.13281250       6.19056709E-02
   2.15625000       7.25097656E-02
   2.17968750       8.29124451E-02
   2.20312500       9.30725113E-02
   2.22656250      0.102948762    
   2.25000000      0.112500004    
   2.27343750      0.121685036    
   2.29687500      0.130462646    
   2.32031250      0.138791665    
   2.34375000      0.146630868    
   2.36718750      0.153939068    
   2.39062500      0.160675049    
   2.41406250      0.166797638    
   2.43750000      0.172265634    
   2.46093750      0.177037820    
   2.48437500      0.181073010    
   2.50781250      0.184330001    
   2.53125000      0.186767593    
   2.55468750      0.188344583    
   2.57812500      0.189019784    
   2.60156250      0.188751996    
   2.62500000      0.187500015    
   2.64843750      0.185222641    
   2.67187500      0.181878671    
   2.69531250      0.177426919    
   2.71875000      0.171826184    
   2.74218750      0.165035263    
   2.76562500      0.157012939    
   2.78906250      0.147718057    
   2.81250000      0.137109384    
   2.83593750      0.125145733    
   2.85937500      0.111785896    
   2.88281250       9.69886854E-02
   2.90625000       8.07128921E-02
   2.92968750       6.29173294E-02
   2.95312500       4.35607918E-02
   2.97656250       2.26020832E-02
   3.00000000       0.00000000    
