  -3.00000000       0.00000000    
  -2.97656250      -2.23875046E-02
  -2.95312500      -4.27230857E-02
  -2.92968750      -6.10788353E-02
  -2.90625000      -7.75268599E-02
  -2.88281250      -9.21392441E-02
  -2.85937500     -0.104988098    
  -2.83593750     -0.116145514    
  -2.81250000     -0.125683591    
  -2.78906250     -0.133674428    
  -2.76562500     -0.140190125    
  -2.74218750     -0.145302773    
  -2.71875000     -0.149084479    
  -2.69531250     -0.151607320    
  -2.67187500     -0.152943417    
  -2.64843750     -0.153164864    
  -2.62500000     -0.152343750    
  -2.60156250     -0.150552183    
  -2.57812500     -0.147862241    
  -2.55468750     -0.144346043    
  -2.53125000     -0.140075684    
  -2.50781250     -0.135123253    
  -2.48437500     -0.129560858    
  -2.46093750     -0.123460576    
  -2.43750000     -0.116894528    
  -2.41406250     -0.109934807    
  -2.39062500     -0.102653503    
  -2.36718750      -9.51227173E-02
  -2.34375000      -8.74145478E-02
  -2.32031250      -7.96010941E-02
  -2.29687500      -7.17544556E-02
  -2.27343750      -6.39467239E-02
  -2.25000000      -5.62499985E-02
  -2.22656250      -4.87363786E-02
  -2.20312500      -4.14779633E-02
  -2.17968750      -3.45468484E-02
  -2.15625000      -2.80151349E-02
  -2.13281250      -2.19549164E-02
  -2.10937500      -1.64382923E-02
  -2.08593750      -1.15373600E-02
  -2.06250000      -7.32421735E-03
  -2.03906250      -3.87096312E-03
  -2.01562500      -1.24969450E-03
  -1.99218750       4.68317798E-04
  -1.96875000       1.26139366E-03
  -1.94531250       1.18471845E-03
  -1.92187500       3.00090382E-04
  -1.89843750      -1.33069255E-03
  -1.87500000      -3.64583218E-03
  -1.85156250      -6.58353046E-03
  -1.82812500      -1.00819897E-02
  -1.80468750      -1.40794106E-02
  -1.78125000      -1.85139962E-02
  -1.75781250      -2.33239494E-02
  -1.73437500      -2.84474678E-02
  -1.71093750      -3.38227600E-02
  -1.68750000      -3.93880196E-02
  -1.66406250      -4.50814553E-02
  -1.64062500      -5.08412682E-02
  -1.61718750      -5.66056594E-02
  -1.59375000      -6.23128265E-02
  -1.57031250      -6.79009780E-02
  -1.54687500      -7.33083114E-02
  -1.52343750      -7.84730315E-02
  -1.50000000      -8.33333358E-02
  -1.47656250      -8.78274292E-02
  -1.45312500      -9.18935165E-02
  -1.42968750      -9.54697952E-02
  -1.40625000      -9.84944701E-02
  -1.38281250     -0.100905739    
  -1.35937500     -0.102641806    
  -1.33593750     -0.103640877    
  -1.31250000     -0.103841148    
  -1.28906250     -0.103180826    
  -1.26562500     -0.101598106    
  -1.24218750      -9.90311950E-02
  -1.21875000      -9.54182968E-02
  -1.19531250      -9.06976089E-02
  -1.17187500      -8.48073363E-02
  -1.14843750      -7.76856765E-02
  -1.12500000      -6.92708343E-02
  -1.10156250      -5.95010146E-02
  -1.07812500      -4.83144149E-02
  -1.05468750      -3.56492363E-02
  -1.03125000      -2.14436855E-02
  -1.00781250      -5.63596096E-03
 -0.984375000       1.18278507E-02
 -0.960937500       3.09100151E-02
 -0.937500000       5.15136719E-02
 -0.914062500       7.35409781E-02
 -0.890625000       9.68940780E-02
 -0.867187500      0.121475130    
 -0.843750000      0.147186279    
 -0.820312500      0.173929691    
 -0.796875000      0.201607525    
 -0.773437500      0.230121911    
 -0.750000000      0.259375006    
 -0.726562500      0.289268970    
 -0.703125000      0.319705963    
 -0.679687500      0.350588143    
 -0.656250000      0.381817639    
 -0.632812500      0.413296610    
 -0.609375000      0.444927216    
 -0.585937500      0.476611614    
 -0.562500000      0.508251965    
 -0.539062500      0.539750397    
 -0.515625000      0.571009099    
 -0.492187500      0.601930141    
 -0.468750000      0.632415771    
 -0.445312500      0.662368119    
 -0.421875000      0.691689312    
 -0.398437500      0.720281541    
 -0.375000000      0.748046875    
 -0.351562500      0.774887562    
 -0.328125000      0.800705731    
 -0.304687500      0.825403512    
 -0.281250000      0.848883092    
 -0.257812500      0.871046543    
 -0.234375000      0.891796112    
 -0.210937500      0.911033928    
 -0.187500000      0.928662121    
 -0.164062500      0.944582880    
 -0.140625000      0.958698273    
 -0.117187500      0.970910549    
  -9.37500000E-02  0.981121838    
  -7.03125000E-02  0.989234269    
  -4.68750000E-02  0.995149970    
  -2.34375000E-02  0.998771191    
   0.00000000       1.00000000    
   2.34375000E-02  0.998771191    
   4.68750000E-02  0.995149970    
   7.03125000E-02  0.989234269    
   9.37500000E-02  0.981121838    
  0.117187500      0.970910549    
  0.140625000      0.958698273    
  0.164062500      0.944582880    
  0.187500000      0.928662121    
  0.210937500      0.911033928    
  0.234375000      0.891796112    
  0.257812500      0.871046543    
  0.281250000      0.848883092    
  0.304687500      0.825403512    
  0.328125000      0.800705731    
  0.351562500      0.774887562    
  0.375000000      0.748046875    
  0.398437500      0.720281541    
  0.421875000      0.691689312    
  0.445312500      0.662368119    
  0.468750000      0.632415771    
  0.492187500      0.601930141    
  0.515625000      0.571009099    
  0.539062500      0.539750397    
  0.562500000      0.508251965    
  0.585937500      0.476611614    
  0.609375000      0.444927216    
  0.632812500      0.413296610    
  0.656250000      0.381817639    
  0.679687500      0.350588143    
  0.703125000      0.319705963    
  0.726562500      0.289268970    
  0.750000000      0.259375006    
  0.773437500      0.230121911    
  0.796875000      0.201607525    
  0.820312500      0.173929691    
  0.843750000      0.147186279    
  0.867187500      0.121475130    
  0.890625000       9.68940780E-02
  0.914062500       7.35409781E-02
  0.937500000       5.15136719E-02
  0.960937500       3.09100151E-02
  0.984375000       1.18278507E-02
   1.00781250      -5.63596142E-03
   1.03125000      -2.14436874E-02
   1.05468750      -3.56492400E-02
   1.07812500      -4.83144149E-02
   1.10156250      -5.95010184E-02
   1.12500000      -6.92708418E-02
   1.14843750      -7.76856840E-02
   1.17187500      -8.48073363E-02
   1.19531250      -9.06976163E-02
   1.21875000      -9.54183042E-02
   1.24218750      -9.90312025E-02
   1.26562500     -0.101598114    
   1.28906250     -0.103180833    
   1.31250000     -0.103841156    
   1.33593750     -0.103640884    
   1.35937500     -0.102641813    
   1.38281250     -0.100905746    
   1.40625000      -9.84944776E-02
   1.42968750      -9.54698026E-02
   1.45312500      -9.18935239E-02
   1.47656250      -8.78274366E-02
   1.50000000      -8.33333433E-02
   1.52343750      -7.84730390E-02
   1.54687500      -7.33083189E-02
   1.57031250      -6.79009855E-02
   1.59375000      -6.23128340E-02
   1.61718750      -5.66056669E-02
   1.64062500      -5.08412756E-02
   1.66406250      -4.50814627E-02
   1.68750000      -3.93880270E-02
   1.71093750      -3.38227674E-02
   1.73437500      -2.84474753E-02
   1.75781250      -2.33239550E-02
   1.78125000      -1.85140017E-02
   1.80468750      -1.40794162E-02
   1.82812500      -1.00819943E-02
   1.85156250      -6.58353511E-03
   1.87500000      -3.64583638E-03
   1.89843750      -1.33069605E-03
   1.92187500       3.00087617E-04
   1.94531250       1.18471647E-03
   1.96875000       1.26139249E-03
   1.99218750       4.68317477E-04
   2.01562500      -1.24969508E-03
   2.03906250      -3.87096475E-03
   2.06250000      -7.32421968E-03
   2.08593750      -1.15373628E-02
   2.10937500      -1.64382961E-02
   2.13281250      -2.19549201E-02
   2.15625000      -2.80151386E-02
   2.17968750      -3.45468558E-02
   2.20312500      -4.14779708E-02
   2.22656250      -4.87363860E-02
   2.25000000      -5.62500060E-02
   2.27343750      -6.39467314E-02
   2.29687500      -7.17544630E-02
   2.32031250      -7.96011016E-02
   2.34375000      -8.74145553E-02
   2.36718750      -9.51227248E-02
   2.39062500     -0.102653511    
   2.41406250     -0.109934814    
   2.43750000     -0.116894536    
   2.46093750     -0.123460583    
   2.48437500     -0.129560858    
   2.50781250     -0.135123253    
   2.53125000     -0.140075684    
   2.55468750     -0.144346058    
   2.57812500     -0.147862256    
   2.60156250     -0.150552183    
   2.62500000     -0.152343750    
   2.64843750     -0.153164864    
   2.67187500     -0.152943432    
   2.69531250     -0.151607335    
   2.71875000     -0.149084479    
   2.74218750     -0.145302773    
   2.76562500     -0.140190125    
   2.78906250     -0.133674443    
   2.81250000     -0.125683606    
   2.83593750     -0.116145521    
   2.85937500     -0.104988106    
   2.88281250      -9.21392515E-02
   2.90625000      -7.75268599E-02
   2.92968750      -6.10788353E-02
   2.95312500      -4.27230857E-02
   2.97656250      -2.23875046E-02
   3.00000000       0.00000000    
