  -3.00000000       0.00000000    
  -2.97656250      0.225055218    
  -2.95312500      0.431838214    
  -2.92968750      0.620900035    
  -2.90625000      0.792791724    
  -2.88281250      0.948064327    
  -2.85937500       1.08726883    
  -2.83593750       1.21095622    
  -2.81250000       1.31967771    
  -2.78906250       1.41398418    
  -2.76562500       1.49442673    
  -2.74218750       1.56155634    
  -2.71875000       1.61592400    
  -2.69531250       1.65808094    
  -2.67187500       1.68857801    
  -2.64843750       1.70796633    
  -2.62500000       1.71679688    
  -2.60156250       1.71562064    
  -2.57812500       1.70498884    
  -2.55468750       1.68545234    
  -2.53125000       1.65756226    
  -2.50781250       1.62186956    
  -2.48437500       1.57892525    
  -2.46093750       1.52928054    
  -2.43750000       1.47348630    
  -2.41406250       1.41209364    
  -2.39062500       1.34565353    
  -2.36718750       1.27471697    
  -2.34375000       1.19983518    
  -2.32031250       1.12155902    
  -2.29687500       1.04043961    
  -2.27343750      0.957027853    
  -2.25000000      0.871874988    
  -2.22656250      0.785531878    
  -2.20312500      0.698549628    
  -2.17968750      0.611479282    
  -2.15625000      0.524871826    
  -2.13281250      0.439278305    
  -2.10937500      0.355249763    
  -2.08593750      0.273337245    
  -2.06250000      0.194091782    
  -2.03906250      0.118064396    
  -2.01562500       4.58061174E-02
  -1.99218750      -2.21360847E-02
  -1.96875000      -8.54593962E-02
  -1.94531250     -0.144239396    
  -1.92187500     -0.198584244    
  -1.89843750     -0.248602077    
  -1.87500000     -0.294401050    
  -1.85156250     -0.336089313    
  -1.82812500     -0.373775005    
  -1.80468750     -0.407566249    
  -1.78125000     -0.437571228    
  -1.75781250     -0.463898063    
  -1.73437500     -0.486654937    
  -1.71093750     -0.505949974    
  -1.68750000     -0.521891296    
  -1.66406250     -0.534587085    
  -1.64062500     -0.544145465    
  -1.61718750     -0.550674617    
  -1.59375000     -0.554282665    
  -1.57031250     -0.555077732    
  -1.54687500     -0.553167999    
  -1.52343750     -0.548661590    
  -1.50000000     -0.541666687    
  -1.47656250     -0.532291412    
  -1.45312500     -0.520643890    
  -1.42968750     -0.506832302    
  -1.40625000     -0.490964770    
  -1.38281250     -0.473149478    
  -1.35937500     -0.453494549    
  -1.33593750     -0.432108104    
  -1.31250000     -0.409098327    
  -1.28906250     -0.384573340    
  -1.26562500     -0.358641326    
  -1.24218750     -0.331410378    
  -1.21875000     -0.302988708    
  -1.19531250     -0.273484409    
  -1.17187500     -0.243005633    
  -1.14843750     -0.211660549    
  -1.12500000     -0.179557294    
  -1.10156250     -0.146804020    
  -1.07812500     -0.113508865    
  -1.05468750      -7.97799751E-02
  -1.03125000      -4.57255058E-02
  -1.00781250      -1.14535969E-02
 -0.984375000       2.29309089E-02
 -0.960937500       5.73616028E-02
 -0.937500000       9.17968750E-02
 -0.914062500      0.126195535    
 -0.890625000      0.160516366    
 -0.867187500      0.194718182    
 -0.843750000      0.228759766    
 -0.820312500      0.262599945    
 -0.796875000      0.296197504    
 -0.773437500      0.329511285    
 -0.750000000      0.362500012    
 -0.726562500      0.395122528    
 -0.703125000      0.427337646    
 -0.679687500      0.459104180    
 -0.656250000      0.490380883    
 -0.632812500      0.521126568    
 -0.609375000      0.551300049    
 -0.585937500      0.580860138    
 -0.562500000      0.609765649    
 -0.539062500      0.637975335    
 -0.515625000      0.665448010    
 -0.492187500      0.692142487    
 -0.468750000      0.718017578    
 -0.445312500      0.743032098    
 -0.421875000      0.767144799    
 -0.398437500      0.790314496    
 -0.375000000      0.812500000    
 -0.351562500      0.833660126    
 -0.328125000      0.853753686    
 -0.304687500      0.872739434    
 -0.281250000      0.890576184    
 -0.257812500      0.907222748    
 -0.234375000      0.922637939    
 -0.210937500      0.936780572    
 -0.187500000      0.949609399    
 -0.164062500      0.961083233    
 -0.140625000      0.971160889    
 -0.117187500      0.979801178    
  -9.37500000E-02  0.986962914    
  -7.03125000E-02  0.992604852    
  -4.68750000E-02  0.996685803    
  -2.34375000E-02  0.999164581    
   0.00000000       1.00000000    
   2.34375000E-02  0.999164581    
   4.68750000E-02  0.996685803    
   7.03125000E-02  0.992604852    
   9.37500000E-02  0.986962914    
  0.117187500      0.979801178    
  0.140625000      0.971160889    
  0.164062500      0.961083233    
  0.187500000      0.949609399    
  0.210937500      0.936780572    
  0.234375000      0.922637939    
  0.257812500      0.907222748    
  0.281250000      0.890576184    
  0.304687500      0.872739434    
  0.328125000      0.853753686    
  0.351562500      0.833660126    
  0.375000000      0.812500000    
  0.398437500      0.790314496    
  0.421875000      0.767144799    
  0.445312500      0.743032098    
  0.468750000      0.718017578    
  0.492187500      0.692142487    
  0.515625000      0.665448010    
  0.539062500      0.637975335    
  0.562500000      0.609765649    
  0.585937500      0.580860138    
  0.609375000      0.551300049    
  0.632812500      0.521126568    
  0.656250000      0.490380883    
  0.679687500      0.459104180    
  0.703125000      0.427337646    
  0.726562500      0.395122528    
  0.750000000      0.362500012    
  0.773437500      0.329511285    
  0.796875000      0.296197504    
  0.820312500      0.262599945    
  0.843750000      0.228759766    
  0.867187500      0.194718182    
  0.890625000      0.160516366    
  0.914062500      0.126195535    
  0.937500000       9.17968750E-02
  0.960937500       5.73616028E-02
  0.984375000       2.29309089E-02
   1.00781250      -1.14535969E-02
   1.03125000      -4.57255058E-02
   1.05468750      -7.97799751E-02
   1.07812500     -0.113508865    
   1.10156250     -0.146804020    
   1.12500000     -0.179557294    
   1.14843750     -0.211660549    
   1.17187500     -0.243005633    
   1.19531250     -0.273484409    
   1.21875000     -0.302988708    
   1.24218750     -0.331410378    
   1.26562500     -0.358641326    
   1.28906250     -0.384573340    
   1.31250000     -0.409098327    
   1.33593750     -0.432108104    
   1.35937500     -0.453494549    
   1.38281250     -0.473149478    
   1.40625000     -0.490964770    
   1.42968750     -0.506832302    
   1.45312500     -0.520643890    
   1.47656250     -0.532291412    
   1.50000000     -0.541666687    
   1.52343750     -0.548661590    
   1.54687500     -0.553167999    
   1.57031250     -0.555077732    
   1.59375000     -0.554282665    
   1.61718750     -0.550674617    
   1.64062500     -0.544145465    
   1.66406250     -0.534587085    
   1.68750000     -0.521891296    
   1.71093750     -0.505949974    
   1.73437500     -0.486654937    
   1.75781250     -0.463898063    
   1.78125000     -0.437571228    
   1.80468750     -0.407566249    
   1.82812500     -0.373775005    
   1.85156250     -0.336089313    
   1.87500000     -0.294401050    
   1.89843750     -0.248602077    
   1.92187500     -0.198584244    
   1.94531250     -0.144239396    
   1.96875000      -8.54593962E-02
   1.99218750      -2.21360847E-02
   2.01562500       4.58061174E-02
   2.03906250      0.118064396    
   2.06250000      0.194091782    
   2.08593750      0.273337245    
   2.10937500      0.355249763    
   2.13281250      0.439278305    
   2.15625000      0.524871826    
   2.17968750      0.611479282    
   2.20312500      0.698549628    
   2.22656250      0.785531878    
   2.25000000      0.871874988    
   2.27343750      0.957027853    
   2.29687500       1.04043961    
   2.32031250       1.12155902    
   2.34375000       1.19983518    
   2.36718750       1.27471697    
   2.39062500       1.34565353    
   2.41406250       1.41209364    
   2.43750000       1.47348630    
   2.46093750       1.52928054    
   2.48437500       1.57892525    
   2.50781250       1.62186956    
   2.53125000       1.65756226    
   2.55468750       1.68545234    
   2.57812500       1.70498884    
   2.60156250       1.71562064    
   2.62500000       1.71679688    
   2.64843750       1.70796633    
   2.67187500       1.68857801    
   2.69531250       1.65808094    
   2.71875000       1.61592400    
   2.74218750       1.56155634    
   2.76562500       1.49442673    
   2.78906250       1.41398418    
   2.81250000       1.31967771    
   2.83593750       1.21095622    
   2.85937500       1.08726883    
   2.88281250      0.948064327    
   2.90625000      0.792791724    
   2.92968750      0.620900035    
   2.95312500      0.431838214    
   2.97656250      0.225055218    
   3.00000000       0.00000000    
