  -5.00000000       0.00000000    
  -4.96093750       1.76759934    
  -4.92187500       3.16621900    
  -4.88281250       4.24248505    
  -4.84375000       5.03879166    
  -4.80468750       5.59358931    
  -4.76562500       5.94165468    
  -4.72656250       6.11435747    
  -4.68750000       6.13990116    
  -4.64843750       6.04355621    
  -4.60937500       5.84788179    
  -4.57031250       5.57292891    
  -4.53125000       5.23644400    
  -4.49218750       4.85404778    
  -4.45312500       4.43940926    
  -4.41406250       4.00441265    
  -4.37500000       3.55930853    
  -4.33593750       3.11286163    
  -4.29687500       2.67248249    
  -4.25781250       2.24435592    
  -4.21875000       1.83356071    
  -4.17968750       1.44417751    
  -4.14062500       1.07939553    
  -4.10156250      0.741606712    
  -4.06250000      0.432494730    
  -4.02343750      0.153118819    
  -3.98437500      -9.60095674E-02
  -3.94531250     -0.314856201    
  -3.90625000     -0.503798544    
  -3.86718750     -0.663565576    
  -3.82812500     -0.795182705    
  -3.78906250     -0.899921238    
  -3.75000000     -0.979252100    
  -3.71093750      -1.03480458    
  -3.67187500      -1.06832778    
  -3.63281250      -1.08165658    
  -3.59375000      -1.07668149    
  -3.55468750      -1.05532026    
  -3.51562500      -1.01949430    
  -3.47656250     -0.971106708    
  -3.43750000     -0.912023902    
  -3.39843750     -0.844058871    
  -3.35937500     -0.768957555    
  -3.32031250     -0.688386738    
  -3.28125000     -0.603924453    
  -3.24218750     -0.517051876    
  -3.20312500     -0.429147154    
  -3.16406250     -0.341480643    
  -3.12500000     -0.255211622    
  -3.08593750     -0.171386376    
  -3.04687500      -9.09372941E-02
  -3.00781250      -1.46832634E-02
  -2.96875000       5.66691272E-02
  -2.92968750      0.122523509    
  -2.89062500      0.182390898    
  -2.85156250      0.235886082    
  -2.81250000      0.282723516    
  -2.77343750      0.322712898    
  -2.73437500      0.355753869    
  -2.69531250      0.381830692    
  -2.65625000      0.401006728    
  -2.61718750      0.413418412    
  -2.57812500      0.419269115    
  -2.53906250      0.418823123    
  -2.50000000      0.412399292    
  -2.46093750      0.400364876    
  -2.42187500      0.383129358    
  -2.38281250      0.361138046    
  -2.34375000      0.334866375    
  -2.30468750      0.304813772    
  -2.26562500      0.271498084    
  -2.22656250      0.235449836    
  -2.18750000      0.197207093    
  -2.14843750      0.157310337    
  -2.10937500      0.116297618    
  -2.07031250       7.47000128E-02
  -2.03125000       3.30373049E-02
  -1.99218750      -8.18585511E-03
  -1.95312500      -4.84837443E-02
  -1.91406250      -8.73928517E-02
  -1.87500000     -0.124474913    
  -1.83593750     -0.159319669    
  -1.79687500     -0.191547215    
  -1.75781250     -0.220810145    
  -1.71875000     -0.246795252    
  -1.67968750     -0.269225001    
  -1.64062500     -0.287858635    
  -1.60156250     -0.302493244    
  -1.56250000     -0.312963903    
  -1.52343750     -0.319144279    
  -1.48437500     -0.320946485    
  -1.44531250     -0.318320930    
  -1.40625000     -0.311255515    
  -1.36718750     -0.299775332    
  -1.32812500     -0.283941120    
  -1.28906250     -0.263848573    
  -1.25000000     -0.239626542    
  -1.21093750     -0.211435720    
  -1.17187500     -0.179466784    
  -1.13281250     -0.143938363    
  -1.09375000     -0.105095297    
  -1.05468750      -6.32061213E-02
  -1.01562500      -1.85610056E-02
 -0.976562500       2.85307039E-02
 -0.937500000       7.77429044E-02
 -0.898437500      0.128735289    
 -0.859375000      0.181155831    
 -0.820312500      0.234643415    
 -0.781250000      0.288830519    
 -0.742187500      0.343345672    
 -0.703125000      0.397816002    
 -0.664062500      0.451870084    
 -0.625000000      0.505140126    
 -0.585937500      0.557264626    
 -0.546875000      0.607890725    
 -0.507812500      0.656676412    
 -0.468750000      0.703292906    
 -0.429687500      0.747426689    
 -0.390625000      0.788781345    
 -0.351562500      0.827080071    
 -0.312500000      0.862066448    
 -0.273437500      0.893506885    
 -0.234375000      0.921191692    
 -0.195312500      0.944936395    
 -0.156250000      0.964582682    
 -0.117187500      0.980000317    
  -7.81250000E-02  0.991086543    
  -3.90625000E-02  0.997767925    
   0.00000000       1.00000000    
   3.90625000E-02  0.997767866    
   7.81250000E-02  0.991086662    
  0.117187500      0.980000257    
  0.156250000      0.964582682    
  0.195312500      0.944936335    
  0.234375000      0.921191633    
  0.273437500      0.893506944    
  0.312500000      0.862066567    
  0.351562500      0.827080071    
  0.390625000      0.788781404    
  0.429687500      0.747426629    
  0.468750000      0.703292847    
  0.507812500      0.656676292    
  0.546875000      0.607890725    
  0.585937500      0.557264686    
  0.625000000      0.505140185    
  0.664062500      0.451870084    
  0.703125000      0.397816002    
  0.742187500      0.343345642    
  0.781250000      0.288830578    
  0.820312500      0.234643415    
  0.859375000      0.181155801    
  0.898437500      0.128735289    
  0.937500000       7.77429044E-02
  0.976562500       2.85307020E-02
   1.01562500      -1.85610056E-02
   1.05468750      -6.32061139E-02
   1.09375000     -0.105095305    
   1.13281250     -0.143938392    
   1.17187500     -0.179466769    
   1.21093750     -0.211435705    
   1.25000000     -0.239626542    
   1.28906250     -0.263848603    
   1.32812500     -0.283941150    
   1.36718750     -0.299775302    
   1.40625000     -0.311255544    
   1.44531250     -0.318320960    
   1.48437500     -0.320946515    
   1.52343750     -0.319144189    
   1.56250000     -0.312963903    
   1.60156250     -0.302493274    
   1.64062500     -0.287858665    
   1.67968750     -0.269225001    
   1.71875000     -0.246795252    
   1.75781250     -0.220810160    
   1.79687500     -0.191547200    
   1.83593750     -0.159319654    
   1.87500000     -0.124474913    
   1.91406250      -8.73928368E-02
   1.95312500      -4.84837443E-02
   1.99218750      -8.18585418E-03
   2.03125000       3.30373086E-02
   2.07031250       7.46999979E-02
   2.10937500      0.116297618    
   2.14843750      0.157310337    
   2.18750000      0.197207093    
   2.22656250      0.235449806    
   2.26562500      0.271498084    
   2.30468750      0.304813772    
   2.34375000      0.334866375    
   2.38281250      0.361138076    
   2.42187500      0.383129328    
   2.46093750      0.400364906    
   2.50000000      0.412399292    
   2.53906250      0.418823153    
   2.57812500      0.419269085    
   2.61718750      0.413418412    
   2.65625000      0.401006758    
   2.69531250      0.381830722    
   2.73437500      0.355753869    
   2.77343750      0.322712928    
   2.81250000      0.282723546    
   2.85156250      0.235886022    
   2.89062500      0.182390898    
   2.92968750      0.122523516    
   2.96875000       5.66691309E-02
   3.00781250      -1.46832643E-02
   3.04687500      -9.09372792E-02
   3.08593750     -0.171386361    
   3.12500000     -0.255211592    
   3.16406250     -0.341480643    
   3.20312500     -0.429147124    
   3.24218750     -0.517051876    
   3.28125000     -0.603924334    
   3.32031250     -0.688386798    
   3.35937500     -0.768957615    
   3.39843750     -0.844058931    
   3.43750000     -0.912024021    
   3.47656250     -0.971106708    
   3.51562500      -1.01949441    
   3.55468750      -1.05532014    
   3.59375000      -1.07668149    
   3.63281250      -1.08165669    
   3.67187500      -1.06832778    
   3.71093750      -1.03480470    
   3.75000000     -0.979252100    
   3.78906250     -0.899921179    
   3.82812500     -0.795182705    
   3.86718750     -0.663565636    
   3.90625000     -0.503798544    
   3.94531250     -0.314856201    
   3.98437500      -9.60095525E-02
   4.02343750      0.153118819    
   4.06250000      0.432494670    
   4.10156250      0.741606712    
   4.14062500       1.07939565    
   4.17968750       1.44417751    
   4.21875000       1.83356059    
   4.25781250       2.24435616    
   4.29687500       2.67248249    
   4.33593750       3.11286163    
   4.37500000       3.55930901    
   4.41406250       4.00441265    
   4.45312500       4.43940926    
   4.49218750       4.85404873    
   4.53125000       5.23644447    
   4.57031250       5.57292891    
   4.60937500       5.84788132    
   4.64843750       6.04355669    
   4.68750000       6.13990164    
   4.72656250       6.11435699    
   4.76562500       5.94165421    
   4.80468750       5.59358835    
   4.84375000       5.03879261    
   4.88281250       4.24248552    
   4.92187500       3.16621923    
   4.96093750       1.76759946    
   5.00000000       0.00000000    
