  -1.00000000       5.00000000    
 -0.976562500       4.69131327    
 -0.953125000       4.40087986    
 -0.929687500       4.12823677    
 -0.906250000       3.87292814    
 -0.882812500       3.63449883    
 -0.859375000       3.41250014    
 -0.835937500       3.20648623    
 -0.812500000       3.01601791    
 -0.789062500       2.84065795    
 -0.765625000       2.67997432    
 -0.742187500       2.53353930    
 -0.718750000       2.40093040    
 -0.695312500       2.28172684    
 -0.671875000       2.17551470    
 -0.648437500       2.08188391    
 -0.625000000       2.00042725    
 -0.601562500       1.93074346    
 -0.578125000       1.87243485    
 -0.554687500       1.82510781    
 -0.531250000       1.78837407    
 -0.507812500       1.76184762    
 -0.484375000       1.74514925    
 -0.460937500       1.73790288    
 -0.437500000       1.73973632    
 -0.414062500       1.75028181    
 -0.390625000       1.76917660    
 -0.367187500       1.79606211    
 -0.343750000       1.83058369    
 -0.320312500       1.87239003    
 -0.296875000       1.92113662    
 -0.273437500       1.97648108    
 -0.250000000       2.03808594    
 -0.226562500       2.10561872    
 -0.203125000       2.17875004    
 -0.179687500       2.25715661    
 -0.156250000       2.34051657    
 -0.132812500       2.42851591    
 -0.109375000       2.52084208    
  -8.59375000E-02   2.61718798    
  -6.25000000E-02   2.71725082    
  -3.90625000E-02   2.82073212    
  -1.56250000E-02   2.92733765    
   7.81250000E-03   3.03677678    
   3.12500000E-02   3.14876509    
   5.46875000E-02   3.26302004    
   7.81250000E-02   3.37926507    
  0.101562500       3.49722695    
  0.125000000       3.61663818    
  0.148437500       3.73723388    
  0.171875000       3.85875416    
  0.195312500       3.98094416    
  0.218750000       4.10355139    
  0.242187500       4.22633076    
  0.265625000       4.34903765    
  0.289062500       4.47143507    
  0.312500000       4.59328842    
  0.335937500       4.71436834    
  0.359375000       4.83444929    
  0.382812500       4.95330954    
  0.406250000       5.07073402    
  0.429687500       5.18650818    
  0.453125000       5.30042553    
  0.476562500       5.41228056    
  0.500000000       5.52187538    
  0.523437500       5.62901354    
  0.546875000       5.73350430    
  0.570312500       5.83516026    
  0.593750000       5.93380165    
  0.617187500       6.02924776    
  0.640625000       6.12132597    
  0.664062500       6.20986605    
  0.687500000       6.29470444    
  0.710937500       6.37567949    
  0.734375000       6.45263338    
  0.757812500       6.52541542    
  0.781250000       6.59387779    
  0.804687500       6.65787649    
  0.828125000       6.71727085    
  0.851562500       6.77192783    
  0.875000000       6.82171631    
  0.898437500       6.86650944    
  0.921875000       6.90618515    
  0.945312500       6.94062567    
  0.968750000       6.96971846    
  0.992187500       6.99335337    
   1.01562500       7.01142454    
   1.03906250       7.02383375    
   1.06250000       7.03048325    
   1.08593750       7.03128147    
   1.10937500       7.02614069    
   1.13281250       7.01497746    
   1.15625000       6.99771309    
   1.17968750       6.97427225    
   1.20312500       6.94458532    
   1.22656250       6.90858507    
   1.25000000       6.86621094    
   1.27343750       6.81740475    
   1.29687500       6.76211357    
   1.32031250       6.70028734    
   1.34375000       6.63188362    
   1.36718750       6.55685997    
   1.39062500       6.47518206    
   1.41406250       6.38681698    
   1.43750000       6.29173851    
   1.46093750       6.18992233    
   1.48437500       6.08134985    
   1.50781250       5.96600771    
   1.53125000       5.84388542    
   1.55468750       5.71497631    
   1.57812500       5.57927895    
   1.60156250       5.43679667    
   1.62500000       5.28753662    
   1.64843750       5.13150930    
   1.67187500       4.96873140    
   1.69531250       4.79922247    
   1.71875000       4.62300682    
   1.74218750       4.44011307    
   1.76562500       4.25057268    
   1.78906250       4.05442524    
   1.81250000       3.85171127    
   1.83593750       3.64247608    
   1.85937500       3.42677069    
   1.88281250       3.20464849    
   1.90625000       2.97616911    
   1.92968750       2.74139476    
   1.95312500       2.50039363    
   1.97656250       2.25323677    
   2.00000000       2.00000000    
   2.02343750       1.74076414    
   2.04687500       1.47561336    
   2.07031250       1.20463645    
   2.09375000      0.927926779    
   2.11718750      0.645581722    
   2.14062500      0.357703149    
   2.16406250       6.43967092E-02
   2.18750000     -0.234226227    
   2.21093750     -0.538051963    
   2.23437500     -0.846961141    
   2.25781250      -1.16083086    
   2.28125000      -1.47953212    
   2.30468750      -1.80293500    
   2.32812500      -2.13090229    
   2.35156250      -2.46329331    
   2.37500000      -2.79996324    
   2.39843750      -3.14076328    
   2.42187500      -3.48554039    
   2.44531250      -3.83413553    
   2.46875000      -4.18638802    
   2.49218750      -4.54213190    
   2.51562500      -4.90119410    
   2.53906250      -5.26340103    
   2.56250000      -5.62857437    
   2.58593750      -5.99653006    
   2.60937500      -6.36707878    
   2.63281250      -6.74003029    
   2.65625000      -7.11518669    
   2.67968750      -7.49234819    
   2.70312500      -7.87130928    
   2.72656250      -8.25186062    
   2.75000000      -8.63378906    
   2.77343750      -9.01687622    
   2.79687500      -9.40089989    
   2.82031250      -9.78563023    
   2.84375000      -10.1708431    
   2.86718750      -10.5562973    
   2.89062500      -10.9417553    
   2.91406250      -11.3269749    
   2.93750000      -11.7117043    
   2.96093750      -12.0956955    
   2.98437500      -12.4786863    
   3.00781250      -12.8604212    
   3.03125000      -13.2406340    
   3.05468750      -13.6190529    
   3.07812500      -13.9954023    
   3.10156250      -14.3694057    
   3.12500000      -14.7407837    
   3.14843750      -15.1092463    
   3.17187500      -15.4745007    
   3.19531250      -15.8362570    
   3.21875000      -16.1942081    
   3.24218750      -16.5480537    
   3.26562500      -16.8974895    
   3.28906250      -17.2421932    
   3.31250000      -17.5818577    
   3.33593750      -17.9161549    
   3.35937500      -18.2447605    
   3.38281250      -18.5673504    
   3.40625000      -18.8835831    
   3.42968750      -19.1931210    
   3.45312500      -19.4956226    
   3.47656250      -19.7907410    
   3.50000000      -20.0781250    
   3.52343750      -20.3574181    
   3.54687500      -20.6282578    
   3.57031250      -20.8902855    
   3.59375000      -21.1431313    
   3.61718750      -21.3864174    
   3.64062500      -21.6197720    
   3.66406250      -21.8428116    
   3.68750000      -22.0551472    
   3.71093750      -22.2563915    
   3.73437500      -22.4461536    
   3.75781250      -22.6240292    
   3.78125000      -22.7896137    
   3.80468750      -22.9425030    
   3.82812500      -23.0822830    
   3.85156250      -23.2085476    
   3.87500000      -23.3208618    
   3.89843750      -23.4188080    
   3.92187500      -23.5019646    
   3.94531250      -23.5698795    
   3.96875000      -23.6221333    
   3.99218750      -23.6582756    
   4.01562500      -23.6778622    
   4.03906250      -23.6804447    
   4.06250000      -23.6655598    
   4.08593750      -23.6327610    
   4.10937500      -23.5815773    
   4.13281250      -23.5115395    
   4.15625000      -23.4221764    
   4.17968750      -23.3130169    
   4.20312500      -23.1835747    
   4.22656250      -23.0333767    
   4.25000000      -22.8619156    
   4.27343750      -22.6687050    
   4.29687500      -22.4532509    
   4.32031250      -22.2150517    
   4.34375000      -21.9535980    
   4.36718750      -21.6683750    
   4.39062500      -21.3588772    
   4.41406250      -21.0245743    
   4.43750000      -20.6649513    
   4.46093750      -20.2794762    
   4.48437500      -19.8676205    
   4.50781250      -19.4288387    
   4.53125000      -18.9626026    
   4.55468750      -18.4683609    
   4.57812500      -17.9455566    
   4.60156250      -17.3936501    
   4.62500000      -16.8120728    
   4.64843750      -16.2002659    
   4.67187500      -15.5576649    
   4.69531250      -14.8836937    
   4.71875000      -14.1777792    
   4.74218750      -13.4393463    
   4.76562500      -12.6678038    
   4.78906250      -11.8625689    
   4.81250000      -11.0230446    
   4.83593750      -10.1486378    
   4.85937500      -9.23874474    
   4.88281250      -8.29276180    
   4.90625000      -7.31008053    
   4.92968750      -6.29008198    
   4.95312500      -5.23215294    
   4.97656250      -4.13566780    
   5.00000000      -3.00000000    
