   0.00000000       0.00000000    
   1.56250000E-02   1.56250037E-02
   3.12500000E-02   3.12499981E-02
   4.68750000E-02   4.68750000E-02
   6.25000000E-02   6.25000149E-02
   7.81250000E-02   7.81250298E-02
   9.37500000E-02   9.37500000E-02
  0.109375000      0.109374963    
  0.125000000      0.124999993    
  0.140625000      0.140624970    
  0.156250000      0.156250060    
  0.171875000      0.171874940    
  0.187500000      0.187500000    
  0.203125000      0.203125015    
  0.218750000      0.218750045    
  0.234375000      0.234374970    
  0.250000000      0.250000060    
  0.265625000      0.265625000    
  0.281250000      0.281250000    
  0.296875000      0.296875030    
  0.312500000      0.312500060    
  0.328125000      0.328124970    
  0.343750000      0.343750060    
  0.359375000      0.359375089    
  0.375000000      0.375000000    
  0.390625000      0.390625000    
  0.406250000      0.406250119    
  0.421875000      0.421874970    
  0.437500000      0.437500000    
  0.453125000      0.453125089    
  0.468750000      0.468750000    
  0.484375000      0.484375060    
  0.500000000      0.500000000    
  0.515625000      0.515625000    
  0.531250000      0.531250000    
  0.546875000      0.546875000    
  0.562500000      0.562500000    
  0.578125000      0.578125060    
  0.593750000      0.593750000    
  0.609375000      0.609375000    
  0.625000000      0.625000000    
  0.640625000      0.640625000    
  0.656250000      0.656250000    
  0.671875000      0.671875119    
  0.687500000      0.687500000    
  0.703125000      0.703125000    
  0.718750000      0.718750000    
  0.734375000      0.734375000    
  0.750000000      0.750000000    
  0.765625000      0.765625060    
  0.781250000      0.781250119    
  0.796875000      0.796875000    
  0.812500000      0.812500000    
  0.828125000      0.828125060    
  0.843750000      0.843750000    
  0.859375000      0.859375119    
  0.875000000      0.875000119    
  0.890625000      0.890625000    
  0.906250000      0.906250000    
  0.921875000      0.921875060    
  0.937500000      0.937500000    
  0.953125000      0.953125119    
  0.968750000      0.968750119    
  0.984375000      0.984375000    
   1.00000000       1.00000000    
   1.01562500       1.01562512    
   1.03125000       1.03125000    
   1.04687500       1.04687512    
   1.06250000       1.06250000    
   1.07812500       1.07812500    
   1.09375000       1.09375000    
   1.10937500       1.10937512    
   1.12500000       1.12500000    
   1.14062500       1.14062512    
   1.15625000       1.15625000    
   1.17187500       1.17187500    
   1.18750000       1.18750000    
   1.20312500       1.20312512    
   1.21875000       1.21875000    
   1.23437500       1.23437512    
   1.25000000       1.25000000    
   1.26562500       1.26562500    
   1.28125000       1.28125000    
   1.29687500       1.29687500    
   1.31250000       1.31250000    
   1.32812500       1.32812512    
   1.34375000       1.34375000    
   1.35937500       1.35937500    
   1.37500000       1.37500000    
   1.39062500       1.39062500    
   1.40625000       1.40625000    
   1.42187500       1.42187512    
   1.43750000       1.43750000    
   1.45312500       1.45312500    
   1.46875000       1.46875000    
   1.48437500       1.48437500    
   1.50000000       1.50000000    
   1.51562500       1.51562512    
   1.53125000       1.53125000    
   1.54687500       1.54687500    
   1.56250000       1.56250000    
   1.57812500       1.57812512    
   1.59375000       1.59375000    
   1.60937500       1.60937512    
   1.62500000       1.62500000    
   1.64062500       1.64062512    
   1.65625000       1.65625000    
   1.67187500       1.67187512    
   1.68750000       1.68750000    
   1.70312500       1.70312512    
   1.71875000       1.71875000    
   1.73437500       1.73437512    
   1.75000000       1.75000000    
   1.76562500       1.76562512    
   1.78125000       1.78125000    
   1.79687500       1.79687512    
   1.81250000       1.81250000    
   1.82812500       1.82812512    
   1.84375000       1.84375000    
   1.85937500       1.85937512    
   1.87500000       1.87500000    
   1.89062500       1.89062512    
   1.90625000       1.90625000    
   1.92187500       1.92187512    
   1.93750000       1.93750000    
   1.95312500       1.95312512    
   1.96875000       1.96875000    
   1.98437500       1.98437512    
   2.00000000       2.00000000    
   2.01562500       2.01562476    
   2.03125000       2.03125000    
   2.04687500       2.04687476    
   2.06250000       2.06250000    
   2.07812500       2.07812476    
   2.09375000       2.09375000    
   2.10937500       2.10937476    
   2.12500000       2.12500000    
   2.14062500       2.14062476    
   2.15625000       2.15625000    
   2.17187500       2.17187476    
   2.18750000       2.18750000    
   2.20312500       2.20312476    
   2.21875000       2.21875000    
   2.23437500       2.23437476    
   2.25000000       2.25000000    
   2.26562500       2.26562476    
   2.28125000       2.28125000    
   2.29687500       2.29687476    
   2.31250000       2.31250000    
   2.32812500       2.32812476    
   2.34375000       2.34375000    
   2.35937500       2.35937476    
   2.37500000       2.37500000    
   2.39062500       2.39062476    
   2.40625000       2.40625000    
   2.42187500       2.42187476    
   2.43750000       2.43750000    
   2.45312500       2.45312476    
   2.46875000       2.46875000    
   2.48437500       2.48437476    
   2.50000000       2.50000000    
   2.51562500       2.51562476    
   2.53125000       2.53125000    
   2.54687500       2.54687476    
   2.56250000       2.56250000    
   2.57812500       2.57812476    
   2.59375000       2.59375000    
   2.60937500       2.60937476    
   2.62500000       2.62500000    
   2.64062500       2.64062476    
   2.65625000       2.65625000    
   2.67187500       2.67187476    
   2.68750000       2.68750000    
   2.70312500       2.70312476    
   2.71875000       2.71875000    
   2.73437500       2.73437476    
   2.75000000       2.75000000    
   2.76562500       2.76562476    
   2.78125000       2.78125000    
   2.79687500       2.79687476    
   2.81250000       2.81250000    
   2.82812500       2.82812500    
   2.84375000       2.84375000    
   2.85937500       2.85937500    
   2.87500000       2.87500000    
   2.89062500       2.89062500    
   2.90625000       2.90625000    
   2.92187500       2.92187500    
   2.93750000       2.93750000    
   2.95312500       2.95312500    
   2.96875000       2.96875000    
   2.98437500       2.98437500    
   3.00000000       3.00000000    
   3.01562500       3.01562500    
   3.03125000       3.03125000    
   3.04687500       3.04687500    
   3.06250000       3.06250000    
   3.07812500       3.07812500    
   3.09375000       3.09375000    
   3.10937500       3.10937500    
   3.12500000       3.12500000    
   3.14062500       3.14062500    
   3.15625000       3.15625000    
   3.17187500       3.17187500    
   3.18750000       3.18750000    
   3.20312500       3.20312500    
   3.21875000       3.21875000    
   3.23437500       3.23437476    
   3.25000000       3.25000000    
   3.26562500       3.26562500    
   3.28125000       3.28125000    
   3.29687500       3.29687476    
   3.31250000       3.31250000    
   3.32812500       3.32812500    
   3.34375000       3.34375000    
   3.35937500       3.35937500    
   3.37500000       3.37500000    
   3.39062500       3.39062500    
   3.40625000       3.40625000    
   3.42187500       3.42187500    
   3.43750000       3.43750000    
   3.45312500       3.45312500    
   3.46875000       3.46875000    
   3.48437500       3.48437500    
   3.50000000       3.50000000    
   3.51562500       3.51562500    
   3.53125000       3.53125000    
   3.54687500       3.54687524    
   3.56250000       3.56250000    
   3.57812500       3.57812500    
   3.59375000       3.59375000    
   3.60937500       3.60937500    
   3.62500000       3.62500000    
   3.64062500       3.64062524    
   3.65625000       3.65625000    
   3.67187500       3.67187500    
   3.68750000       3.68750000    
   3.70312500       3.70312500    
   3.71875000       3.71875000    
   3.73437500       3.73437524    
   3.75000000       3.75000000    
   3.76562500       3.76562500    
   3.78125000       3.78125024    
   3.79687500       3.79687500    
   3.81250000       3.81250000    
   3.82812500       3.82812524    
   3.84375000       3.84375000    
   3.85937500       3.85937500    
   3.87500000       3.87500024    
   3.89062500       3.89062500    
   3.90625000       3.90625000    
   3.92187500       3.92187524    
   3.93750000       3.93750000    
   3.95312500       3.95312500    
   3.96875000       3.96875024    
   3.98437500       3.98437500    
   4.00000000       4.00000000    
