  -23.0000000       3.00000000    
  -22.8828125       1023.25348    
  -22.7656250       1710.90833    
  -22.6484375       2134.06470    
  -22.5312500       2350.31934    
  -22.4140625       2408.06592    
  -22.2968750       2347.65063    
  -22.1796875       2202.42529    
  -22.0625000       1999.66919    
  -21.9453125       1761.43579    
  -21.8281250       1505.28528    
  -21.7109375       1244.94800    
  -21.5937500       990.910339    
  -21.4765625       750.925537    
  -21.3593750       530.467957    
  -21.2421875       333.131866    
  -21.1250000       160.974670    
  -21.0078125       14.8183107    
  -20.8906250      -105.491875    
  -20.7734375      -200.864517    
  -20.6562500      -272.772491    
  -20.5390625      -323.092438    
  -20.4218750      -353.969971    
  -20.3046875      -367.707855    
  -20.1875000      -366.674255    
  -20.0703125      -353.228699    
  -19.9531250      -329.664032    
  -19.8359375      -298.159180    
  -19.7187500      -260.747620    
  -19.6015625      -219.291763    
  -19.4843750      -175.467880    
  -19.3671875      -130.757492    
  -19.2500000      -86.4442444    
  -19.1328125      -43.6163368    
  -19.0156250      -3.17193103    
  -18.8984375       34.1716576    
  -18.7812500       67.8668594    
  -18.6640625       97.5229187    
  -18.5468750       122.891670    
  -18.4296875       143.853073    
  -18.3125000       160.399612    
  -18.1953125       172.621719    
  -18.0781250       180.692459    
  -17.9609375       184.853622    
  -17.8437500       185.401962    
  -17.7265625       182.676300    
  -17.6093750       177.045776    
  -17.4921875       168.899048    
  -17.3750000       158.634369    
  -17.2578125       146.650833    
  -17.1406250       133.340897    
  -17.0234375       119.083504    
  -16.9062500       104.238716    
  -16.7890625       89.1430359    
  -16.6718750       74.1057663    
  -16.5546875       59.4061737    
  -16.4375000       45.2917633    
  -16.3203125       31.9768410    
  -16.2031250       19.6420956    
  -16.0859375       8.43475151    
  -15.9687500      -1.53086221    
  -15.8515625      -10.1721468    
  -15.7343750      -17.4367256    
  -15.6171875      -23.3005619    
  -15.5000000      -27.7658939    
  -15.3828125      -30.8588161    
  -15.2656250      -32.6267662    
  -15.1484375      -33.1360245    
  -15.0312500      -32.4689522    
  -14.9140625      -30.7213383    
  -14.7968750      -27.9998016    
  -14.6796875      -24.4191475    
  -14.5625000      -20.0999622    
  -14.4453125      -15.1661892    
  -14.3281250      -9.74295902    
  -14.2109375      -3.95451045    
  -14.0937500       2.07765007    
  -13.9765625       8.23646259    
  -13.8593750       14.4107542    
  -13.7421875       20.4965458    
  -13.6250000       26.3981400    
  -13.5078125       32.0289536    
  -13.3906250       37.3122368    
  -13.2734375       42.1814995    
  -13.1562500       46.5809135    
  -13.0390625       50.4653206    
  -12.9218750       53.8002777    
  -12.8046875       56.5617905    
  -12.6875000       58.7361221    
  -12.5703125       60.3191643    
  -12.4531250       61.3159828    
  -12.3359375       61.7401962    
  -12.2187500       61.6131630    
  -12.1015625       60.9632492    
  -11.9843750       59.8249626    
  -11.8671875       58.2379951    
  -11.7500000       56.2464867    
  -11.6328125       53.8980217    
  -11.5156250       51.2426796    
  -11.3984375       48.3322792    
  -11.2812500       45.2194061    
  -11.1640625       41.9566994    
  -11.0468750       38.5959320    
  -10.9296875       35.1874962    
  -10.8125000       31.7795601    
  -10.6953125       28.4175816    
  -10.5781250       25.1437531    
  -10.4609375       21.9965420    
  -10.3437500       19.0103550    
  -10.2265625       16.2152462    
  -10.1093750       13.6366549    
  -9.99218750       11.2953005    
  -9.87500000       9.20711136    
  -9.75781250       7.38321495    
  -9.64062500       5.83004189    
  -9.52343750       4.54943657    
  -9.40625000       3.53887057    
  -9.28906250       2.79168367    
  -9.17187500       2.29740405    
  -9.05468750       2.04207349    
  -8.93750000       2.00863719    
  -8.82031250       2.17735004    
  -8.70312500       2.52621031    
  -8.58593750       3.03140903    
  -8.46875000       3.66778111    
  -8.35156250       4.40927362    
  -8.23437500       5.22939014    
  -8.11718750       6.10164881    
  -8.00000000       7.00000000    
  -7.88281250       7.89924049    
  -7.76562500       8.77539253    
  -7.64843750       9.60604000    
  -7.53125000       10.3706694    
  -7.41406250       11.0509119    
  -7.29687500       11.6307993    
  -7.17968750       12.0969372    
  -7.06250000       12.4386568    
  -6.94531250       12.6480961    
  -6.82812500       12.7202682    
  -6.71093750       12.6530380    
  -6.59375000       12.4470892    
  -6.47656250       12.1058455    
  -6.35937500       11.6353073    
  -6.24218750       11.0439062    
  -6.12500000       10.3422871    
  -6.00781250       9.54306221    
  -5.89062500       8.66054821    
  -5.77343750       7.71046543    
  -5.65625000       6.70962858    
  -5.53906250       5.67562008    
  -5.42187500       4.62644625    
  -5.30468750       3.58020306    
  -5.18750000       2.55474138    
  -5.07031250       1.56732821    
  -4.95312500      0.634333789    
  -4.83593750     -0.229067266    
  -4.71875000      -1.00917351    
  -4.60156250      -1.69400573    
  -4.48437500      -2.27351785    
  -4.36718750      -2.73978806    
  -4.25000000      -3.08714652    
  -4.13281250      -3.31228590    
  -4.01562500      -3.41430712    
  -3.89843750      -3.39473486    
  -3.78125000      -3.25747418    
  -3.66406250      -3.00872755    
  -3.54687500      -2.65686846    
  -3.42968750      -2.21225977    
  -3.31250000      -1.68704247    
  -3.19531250      -1.09487355    
  -3.07812500     -0.450641096    
  -2.96093750      0.229863256    
  -2.84375000      0.930289447    
  -2.72656250       1.63409531    
  -2.60937500       2.32492805    
  -2.49218750       2.98700523    
  -2.37500000       3.60550189    
  -2.25781250       4.16691923    
  -2.14062500       4.65943623    
  -2.02343750       5.07324553    
  -1.90625000       5.40083265    
  -1.78906250       5.63723087    
  -1.67187500       5.78020716    
  -1.55468750       5.83040953    
  -1.43750000       5.79141760    
  -1.32031250       5.66975641    
  -1.20312500       5.47478437    
  -1.08593750       5.21855068    
 -0.968750000       4.91551638    
 -0.851562500       4.58222294    
 -0.734375000       4.23684692    
 -0.617187500       3.89869165    
 -0.500000000       3.58756900    
 -0.382812500       3.32312131    
 -0.265625000       3.12406683    
 -0.148437500       3.00738978    
  -3.12500000E-02   2.98748016    
   8.59375000E-02   3.07523894    
  0.203125000       3.27718234    
  0.320312500       3.59454083    
  0.437500000       4.02239561    
  0.554687500       4.54887342    
  0.671875000       5.15442133    
  0.789062500       5.81120396    
  0.906250000       6.48263788    
   1.02343750       7.12312794    
   1.14062500       7.67799616    
   1.25781250       8.08368397    
   1.37500000       8.26824379    
   1.49218750       8.15214729    
   1.60937500       7.64945602    
   1.72656250       6.66940355    
   1.84375000       5.11838293    
   1.96093750       2.90238643    
   2.07812500      -7.00795278E-02
   2.19531250      -3.88460207    
   2.31250000      -8.61698818    
   2.42968750      -14.3289175    
   2.54687500      -21.0631218    
   2.66406250      -28.8381729    
   2.78125000      -37.6428795    
   2.89843750      -47.4304008    
   3.01562500      -58.1121788    
   3.13281250      -69.5517883    
   3.25000000      -81.5588150    
   3.36718750      -93.8832245    
   3.48437500      -106.209892    
   3.60156250      -118.154144    
   3.71875000      -129.258575    
   3.83593750      -138.990723    
   3.95312500      -146.743378    
   4.07031250      -151.836990    
   4.18750000      -153.524750    
   4.30468750      -151.001923    
   4.42187500      -143.419266    
   4.53906250      -129.901550    
   4.65625000      -109.572533    
   4.77343750      -81.5869446    
   4.89062500      -45.1712456    
   5.00781250      0.326304913    
   5.12500000       55.3740005    
   5.24218750       120.182159    
   5.35937500       194.614410    
   5.47656250       278.081238    
   5.59375000       369.416168    
   5.71093750       466.729034    
   5.82812500       567.236267    
   5.94531250       667.064636    
   6.06250000       761.024292    
   6.17968750       842.347351    
   6.29687500       902.392029    
   6.41406250       930.302368    
   6.53125000       912.624268    
   6.64843750       832.869873    
   6.76562500       671.025269    
   6.88281250       402.999084    
   7.00000000       0.00000000    
