  -3.00000000       0.00000000    
  -2.97656250      0.148630574    
  -2.95312500      0.282542318    
  -2.92968750      0.402497530    
  -2.90625000      0.509234905    
  -2.88281250      0.603470206    
  -2.85937500      0.685896277    
  -2.83593750      0.757183909    
  -2.81250000      0.817981958    
  -2.78906250      0.868917882    
  -2.76562500      0.910598040    
  -2.74218750      0.943608046    
  -2.71875000      0.968513429    
  -2.69531250      0.985859811    
  -2.67187500      0.996173203    
  -2.64843750      0.999960661    
  -2.62500000      0.997710228    
  -2.60156250      0.989892006    
  -2.57812500      0.976957798    
  -2.55468750      0.959342122    
  -2.53125000      0.937461913    
  -2.50781250      0.911717236    
  -2.48437500      0.882492006    
  -2.46093750      0.850153625    
  -2.43750000      0.815053821    
  -2.41406250      0.777528822    
  -2.39062500      0.737899840    
  -2.36718750      0.696473241    
  -2.34375000      0.653540909    
  -2.32031250      0.609380662    
  -2.29687500      0.564256668    
  -2.27343750      0.518419623    
  -2.25000000      0.472106934    
  -2.22656250      0.425543487    
  -2.20312500      0.378941625    
  -2.17968750      0.332501411    
  -2.15625000      0.286411256    
  -2.13281250      0.240847960    
  -2.10937500      0.195977166    
  -2.08593750      0.151953518    
  -2.06250000      0.108921155    
  -2.03906250       6.70138076E-02
  -2.01562500       2.63552442E-02
  -1.99218750      -1.29405176E-02
  -1.96875000      -5.07688969E-02
  -1.94531250      -8.70344713E-02
  -1.92187500     -0.121650711    
  -1.89843750     -0.154539675    
  -1.87500000     -0.185631752    
  -1.85156250     -0.214865416    
  -1.82812500     -0.242186889    
  -1.80468750     -0.267549962    
  -1.78125000     -0.290915668    
  -1.75781250     -0.312252074    
  -1.73437500     -0.331533968    
  -1.71093750     -0.348742723    
  -1.68750000     -0.363865852    
  -1.66406250     -0.376897037    
  -1.64062500     -0.387835622    
  -1.61718750     -0.396686494    
  -1.59375000     -0.403459877    
  -1.57031250     -0.408171117    
  -1.54687500     -0.410840333    
  -1.52343750     -0.411492288    
  -1.50000000     -0.410156250    
  -1.47656250     -0.406865418    
  -1.45312500     -0.401657313    
  -1.42968750     -0.394572884    
  -1.40625000     -0.385656893    
  -1.38281250     -0.374957263    
  -1.35937500     -0.362525254    
  -1.33593750     -0.348414868    
  -1.31250000     -0.332683086    
  -1.28906250     -0.315389305    
  -1.26562500     -0.296595335    
  -1.24218750     -0.276365280    
  -1.21875000     -0.254765064    
  -1.19531250     -0.231862649    
  -1.17187500     -0.207727581    
  -1.14843750     -0.182430893    
  -1.12500000     -0.156044960    
  -1.10156250     -0.128643334    
  -1.07812500     -0.100300513    
  -1.05468750      -7.10919350E-02
  -1.03125000      -4.10936475E-02
  -1.00781250      -1.03822816E-02
 -0.984375000       2.09651496E-02
 -0.960937500       5.28713875E-02
 -0.937500000       8.52590650E-02
 -0.914062500      0.118050836    
 -0.890625000      0.151169524    
 -0.867187500      0.184538245    
 -0.843750000      0.218080580    
 -0.820312500      0.251720548    
 -0.796875000      0.285382926    
 -0.773437500      0.318993270    
 -0.750000000      0.352478027    
 -0.726562500      0.385764629    
 -0.703125000      0.418781668    
 -0.679687500      0.451458871    
 -0.656250000      0.483727396    
 -0.632812500      0.515519798    
 -0.609375000      0.546770155    
 -0.585937500      0.577413976    
 -0.562500000      0.607388854    
 -0.539062500      0.636633694    
 -0.515625000      0.665089726    
 -0.492187500      0.692699552    
 -0.468750000      0.719408512    
 -0.445312500      0.745163441    
 -0.421875000      0.769913375    
 -0.398437500      0.793610036    
 -0.375000000      0.816206932    
 -0.351562500      0.837660074    
 -0.328125000      0.857927859    
 -0.304687500      0.876971304    
 -0.281250000      0.894753575    
 -0.257812500      0.911240578    
 -0.234375000      0.926400781    
 -0.210937500      0.940205336    
 -0.187500000      0.952627897    
 -0.164062500      0.963644803    
 -0.140625000      0.973235369    
 -0.117187500      0.981381238    
  -9.37500000E-02  0.988067150    
  -7.03125000E-02  0.993280351    
  -4.68750000E-02  0.997011125    
  -2.34375000E-02  0.999252439    
   0.00000000       1.00000000    
   2.34375000E-02  0.999252498    
   4.68750000E-02  0.997011125    
   7.03125000E-02  0.993280411    
   9.37500000E-02  0.988067150    
  0.117187500      0.981381238    
  0.140625000      0.973235309    
  0.164062500      0.963644803    
  0.187500000      0.952627897    
  0.210937500      0.940205336    
  0.234375000      0.926400721    
  0.257812500      0.911240518    
  0.281250000      0.894753516    
  0.304687500      0.876971304    
  0.328125000      0.857927918    
  0.351562500      0.837660074    
  0.375000000      0.816206932    
  0.398437500      0.793610096    
  0.421875000      0.769913435    
  0.445312500      0.745163441    
  0.468750000      0.719408512    
  0.492187500      0.692699611    
  0.515625000      0.665089667    
  0.539062500      0.636633694    
  0.562500000      0.607388854    
  0.585937500      0.577413976    
  0.609375000      0.546770096    
  0.632812500      0.515519798    
  0.656250000      0.483727396    
  0.679687500      0.451458871    
  0.703125000      0.418781638    
  0.726562500      0.385764599    
  0.750000000      0.352478027    
  0.773437500      0.318993270    
  0.796875000      0.285382926    
  0.820312500      0.251720548    
  0.843750000      0.218080565    
  0.867187500      0.184538260    
  0.890625000      0.151169524    
  0.914062500      0.118050829    
  0.937500000       8.52590650E-02
  0.960937500       5.28713912E-02
  0.984375000       2.09651515E-02
   1.00781250      -1.03822825E-02
   1.03125000      -4.10936475E-02
   1.05468750      -7.10919276E-02
   1.07812500     -0.100300513    
   1.10156250     -0.128643319    
   1.12500000     -0.156044960    
   1.14843750     -0.182430878    
   1.17187500     -0.207727581    
   1.19531250     -0.231862664    
   1.21875000     -0.254765064    
   1.24218750     -0.276365250    
   1.26562500     -0.296595365    
   1.28906250     -0.315389335    
   1.31250000     -0.332683086    
   1.33593750     -0.348414868    
   1.35937500     -0.362525254    
   1.38281250     -0.374957293    
   1.40625000     -0.385656893    
   1.42968750     -0.394572884    
   1.45312500     -0.401657313    
   1.47656250     -0.406865478    
   1.50000000     -0.410156250    
   1.52343750     -0.411492318    
   1.54687500     -0.410840333    
   1.57031250     -0.408171177    
   1.59375000     -0.403459907    
   1.61718750     -0.396686465    
   1.64062500     -0.387835622    
   1.66406250     -0.376897067    
   1.68750000     -0.363865852    
   1.71093750     -0.348742694    
   1.73437500     -0.331533998    
   1.75781250     -0.312252074    
   1.78125000     -0.290915668    
   1.80468750     -0.267549932    
   1.82812500     -0.242186904    
   1.85156250     -0.214865416    
   1.87500000     -0.185631752    
   1.89843750     -0.154539675    
   1.92187500     -0.121650718    
   1.94531250      -8.70344788E-02
   1.96875000      -5.07688969E-02
   1.99218750      -1.29405167E-02
   2.01562500       2.63552424E-02
   2.03906250       6.70138150E-02
   2.06250000      0.108921155    
   2.08593750      0.151953533    
   2.10937500      0.195977166    
   2.13281250      0.240847990    
   2.15625000      0.286411285    
   2.17968750      0.332501382    
   2.20312500      0.378941596    
   2.22656250      0.425543517    
   2.25000000      0.472106934    
   2.27343750      0.518419564    
   2.29687500      0.564256668    
   2.32031250      0.609380722    
   2.34375000      0.653540909    
   2.36718750      0.696473181    
   2.39062500      0.737899840    
   2.41406250      0.777528882    
   2.43750000      0.815053761    
   2.46093750      0.850153625    
   2.48437500      0.882492006    
   2.50781250      0.911717236    
   2.53125000      0.937461853    
   2.55468750      0.959342122    
   2.57812500      0.976957917    
   2.60156250      0.989892006    
   2.62500000      0.997710228    
   2.64843750      0.999960601    
   2.67187500      0.996173203    
   2.69531250      0.985859811    
   2.71875000      0.968513489    
   2.74218750      0.943608046    
   2.76562500      0.910598040    
   2.78906250      0.868917823    
   2.81250000      0.817981958    
   2.83593750      0.757183909    
   2.85937500      0.685896277    
   2.88281250      0.603470147    
   2.90625000      0.509234905    
   2.92968750      0.402497560    
   2.95312500      0.282542348    
   2.97656250      0.148630574    
   3.00000000       0.00000000    
