  -6.00000000      0.279415488    
  -5.95312500      0.324100077    
  -5.90625000      0.368072659    
  -5.85937500      0.411236644    
  -5.81250000      0.453497171    
  -5.76562500      0.494761437    
  -5.71875000      0.534938812    
  -5.67187500      0.573940933    
  -5.62500000      0.611682236    
  -5.57812500      0.648079753    
  -5.53125000      0.683053553    
  -5.48437500      0.716526687    
  -5.43750000      0.748425782    
  -5.39062500      0.778680682    
  -5.34375000      0.807224929    
  -5.29687500      0.833995819    
  -5.25000000      0.858934522    
  -5.20312500      0.881986201    
  -5.15625000      0.903100371    
  -5.10937500      0.922230482    
  -5.06250000      0.939334631    
  -5.01562500      0.954375207    
  -4.96875000      0.967319071    
  -4.92187500      0.978137910    
  -4.87500000      0.986807942    
  -4.82812500      0.993310034    
  -4.78125000      0.997630000    
  -4.73437500      0.999758303    
  -4.68750000      0.999690294    
  -4.64062500      0.997426093    
  -4.59375000      0.992970645    
  -4.54687500      0.986333787    
  -4.50000000      0.977530122    
  -4.45312500      0.966578960    
  -4.40625000      0.953504324    
  -4.35937500      0.938334942    
  -4.31250000      0.921104193    
  -4.26562500      0.901849926    
  -4.21875000      0.880614400    
  -4.17187500      0.857444286    
  -4.12500000      0.832390487    
  -4.07812500      0.805508077    
  -4.03125000      0.776856005    
  -3.98437500      0.746497333    
  -3.93750000      0.714498699    
  -3.89062500      0.680930436    
  -3.84375000      0.645866215    
  -3.79687500      0.609383106    
  -3.75000000      0.571561337    
  -3.70312500      0.532483876    
  -3.65625000      0.492236614    
  -3.60937500      0.450907975    
  -3.56250000      0.408588767    
  -3.51562500      0.365371943    
  -3.46875000      0.321352452    
  -3.42187500      0.276626974    
  -3.37500000      0.231293812    
  -3.32812500      0.185452521    
  -3.28125000      0.139203802    
  -3.23437500       9.26492810E-02
  -3.18750000       4.58912216E-02
  -3.14062500      -9.67653410E-04
  -3.09375000      -4.78244051E-02
  -3.04687500      -9.45760906E-02
  -3.00000000     -0.141120002    
  -2.95312500     -0.187353909    
  -2.90625000     -0.233176202    
  -2.85937500     -0.278486252    
  -2.81250000     -0.323184520    
  -2.76562500     -0.367172778    
  -2.71875000     -0.410354406    
  -2.67187500     -0.452634543    
  -2.62500000     -0.493920296    
  -2.57812500     -0.534120977    
  -2.53125000     -0.573148310    
  -2.48437500     -0.610916436    
  -2.43750000     -0.647342503    
  -2.39062500     -0.682346463    
  -2.34375000     -0.715851367    
  -2.29687500     -0.747783661    
  -2.25000000     -0.778073192    
  -2.20312500     -0.806653380    
  -2.15625000     -0.833461463    
  -2.10937500     -0.858438551    
  -2.06250000     -0.881529808    
  -2.01562500     -0.902684391    
  -1.96875000     -0.921855927    
  -1.92187500     -0.939002275    
  -1.87500000     -0.954085767    
  -1.82812500     -0.967073262    
  -1.78125000     -0.977936268    
  -1.73437500     -0.986650825    
  -1.68750000     -0.993197858    
  -1.64062500     -0.997562945    
  -1.59375000     -0.999736547    
  -1.54687500     -0.999713898    
  -1.50000000     -0.997494996    
  -1.45312500     -0.993084729    
  -1.40625000     -0.986492753    
  -1.35937500     -0.977733612    
  -1.31250000     -0.966826558    
  -1.26562500     -0.953795493    
  -1.21875000     -0.938669086    
  -1.17187500     -0.921480536    
  -1.12500000     -0.902267575    
  -1.07812500     -0.881072521    
  -1.03125000     -0.857941866    
 -0.984375000     -0.832926393    
 -0.937500000     -0.806081116    
 -0.890625000     -0.777464986    
 -0.843750000     -0.747140884    
 -0.796875000     -0.715175390    
 -0.750000000     -0.681638777    
 -0.703125000     -0.646604657    
 -0.656250000     -0.610150099    
 -0.609375000     -0.572355092    
 -0.562500000     -0.533302665    
 -0.515625000     -0.493078679    
 -0.468750000     -0.451771468    
 -0.421875000     -0.409471780    
 -0.375000000     -0.366272539    
 -0.328125000     -0.322268635    
 -0.281250000     -0.277556747    
 -0.234375000     -0.232235119    
 -0.187500000     -0.186403289    
 -0.140625000     -0.140161976    
  -9.37500000E-02  -9.36127305E-02
  -4.68750000E-02  -4.68578376E-02
   0.00000000       0.00000000    
   4.68750000E-02   4.68578376E-02
   9.37500000E-02   9.36127305E-02
  0.140625000      0.140161976    
  0.187500000      0.186403289    
  0.234375000      0.232235119    
  0.281250000      0.277556747    
  0.328125000      0.322268635    
  0.375000000      0.366272539    
  0.421875000      0.409471780    
  0.468750000      0.451771468    
  0.515625000      0.493078679    
  0.562500000      0.533302665    
  0.609375000      0.572355092    
  0.656250000      0.610150099    
  0.703125000      0.646604657    
  0.750000000      0.681638777    
  0.796875000      0.715175390    
  0.843750000      0.747140884    
  0.890625000      0.777464986    
  0.937500000      0.806081116    
  0.984375000      0.832926393    
   1.03125000      0.857941866    
   1.07812500      0.881072521    
   1.12500000      0.902267575    
   1.17187500      0.921480536    
   1.21875000      0.938669086    
   1.26562500      0.953795493    
   1.31250000      0.966826558    
   1.35937500      0.977733612    
   1.40625000      0.986492753    
   1.45312500      0.993084729    
   1.50000000      0.997494996    
   1.54687500      0.999713898    
   1.59375000      0.999736547    
   1.64062500      0.997562945    
   1.68750000      0.993197858    
   1.73437500      0.986650825    
   1.78125000      0.977936268    
   1.82812500      0.967073262    
   1.87500000      0.954085767    
   1.92187500      0.939002275    
   1.96875000      0.921855927    
   2.01562500      0.902684391    
   2.06250000      0.881529808    
   2.10937500      0.858438551    
   2.15625000      0.833461463    
   2.20312500      0.806653380    
   2.25000000      0.778073192    
   2.29687500      0.747783661    
   2.34375000      0.715851367    
   2.39062500      0.682346463    
   2.43750000      0.647342503    
   2.48437500      0.610916436    
   2.53125000      0.573148310    
   2.57812500      0.534120977    
   2.62500000      0.493920296    
   2.67187500      0.452634543    
   2.71875000      0.410354406    
   2.76562500      0.367172778    
   2.81250000      0.323184520    
   2.85937500      0.278486252    
   2.90625000      0.233176202    
   2.95312500      0.187353909    
   3.00000000      0.141120002    
   3.04687500       9.45760906E-02
   3.09375000       4.78244051E-02
   3.14062500       9.67653410E-04
   3.18750000      -4.58912216E-02
   3.23437500      -9.26492810E-02
   3.28125000     -0.139203802    
   3.32812500     -0.185452521    
   3.37500000     -0.231293812    
   3.42187500     -0.276626974    
   3.46875000     -0.321352452    
   3.51562500     -0.365371943    
   3.56250000     -0.408588767    
   3.60937500     -0.450907975    
   3.65625000     -0.492236614    
   3.70312500     -0.532483876    
   3.75000000     -0.571561337    
   3.79687500     -0.609383106    
   3.84375000     -0.645866215    
   3.89062500     -0.680930436    
   3.93750000     -0.714498699    
   3.98437500     -0.746497333    
   4.03125000     -0.776856005    
   4.07812500     -0.805508077    
   4.12500000     -0.832390487    
   4.17187500     -0.857444286    
   4.21875000     -0.880614400    
   4.26562500     -0.901849926    
   4.31250000     -0.921104193    
   4.35937500     -0.938334942    
   4.40625000     -0.953504324    
   4.45312500     -0.966578960    
   4.50000000     -0.977530122    
   4.54687500     -0.986333787    
   4.59375000     -0.992970645    
   4.64062500     -0.997426093    
   4.68750000     -0.999690294    
   4.73437500     -0.999758303    
   4.78125000     -0.997630000    
   4.82812500     -0.993310034    
   4.87500000     -0.986807942    
   4.92187500     -0.978137910    
   4.96875000     -0.967319071    
   5.01562500     -0.954375207    
   5.06250000     -0.939334631    
   5.10937500     -0.922230482    
   5.15625000     -0.903100371    
   5.20312500     -0.881986201    
   5.25000000     -0.858934522    
   5.29687500     -0.833995819    
   5.34375000     -0.807224929    
   5.39062500     -0.778680682    
   5.43750000     -0.748425782    
   5.48437500     -0.716526687    
   5.53125000     -0.683053553    
   5.57812500     -0.648079753    
   5.62500000     -0.611682236    
   5.67187500     -0.573940933    
   5.71875000     -0.534938812    
   5.76562500     -0.494761437    
   5.81250000     -0.453497171    
   5.85937500     -0.411236644    
   5.90625000     -0.368072659    
   5.95312500     -0.324100077    
   6.00000000     -0.279415488    
