  -5.00000000       0.00000000    
  -4.96093750       1.76759946    
  -4.92187500       3.16621876    
  -4.88281250       4.24248552    
  -4.84375000       5.03879166    
  -4.80468750       5.59358883    
  -4.76562500       5.94165516    
  -4.72656250       6.11435747    
  -4.68750000       6.13990116    
  -4.64843750       6.04355669    
  -4.60937500       5.84788084    
  -4.57031250       5.57292986    
  -4.53125000       5.23644495    
  -4.49218750       4.85404825    
  -4.45312500       4.43940926    
  -4.41406250       4.00441265    
  -4.37500000       3.55930853    
  -4.33593750       3.11286211    
  -4.29687500       2.67248273    
  -4.25781250       2.24435592    
  -4.21875000       1.83356047    
  -4.17968750       1.44417751    
  -4.14062500       1.07939577    
  -4.10156250      0.741606712    
  -4.06250000      0.432494700    
  -4.02343750      0.153118834    
  -3.98437500      -9.60095599E-02
  -3.94531250     -0.314856231    
  -3.90625000     -0.503798604    
  -3.86718750     -0.663565695    
  -3.82812500     -0.795182765    
  -3.78906250     -0.899921238    
  -3.75000000     -0.979252160    
  -3.71093750      -1.03480458    
  -3.67187500      -1.06832767    
  -3.63281250      -1.08165681    
  -3.59375000      -1.07668149    
  -3.55468750      -1.05532026    
  -3.51562500      -1.01949441    
  -3.47656250     -0.971106648    
  -3.43750000     -0.912023902    
  -3.39843750     -0.844058990    
  -3.35937500     -0.768957615    
  -3.32031250     -0.688386679    
  -3.28125000     -0.603924453    
  -3.24218750     -0.517051816    
  -3.20312500     -0.429147184    
  -3.16406250     -0.341480672    
  -3.12500000     -0.255211622    
  -3.08593750     -0.171386391    
  -3.04687500      -9.09372866E-02
  -3.00781250      -1.46832643E-02
  -2.96875000       5.66691272E-02
  -2.92968750      0.122523531    
  -2.89062500      0.182390898    
  -2.85156250      0.235886067    
  -2.81250000      0.282723546    
  -2.77343750      0.322712868    
  -2.73437500      0.355753899    
  -2.69531250      0.381830722    
  -2.65625000      0.401006788    
  -2.61718750      0.413418412    
  -2.57812500      0.419269145    
  -2.53906250      0.418823153    
  -2.50000000      0.412399322    
  -2.46093750      0.400364876    
  -2.42187500      0.383129388    
  -2.38281250      0.361138105    
  -2.34375000      0.334866375    
  -2.30468750      0.304813802    
  -2.26562500      0.271498114    
  -2.22656250      0.235449821    
  -2.18750000      0.197207063    
  -2.14843750      0.157310337    
  -2.10937500      0.116297625    
  -2.07031250       7.47000054E-02
  -2.03125000       3.30373123E-02
  -1.99218750      -8.18585418E-03
  -1.95312500      -4.84837443E-02
  -1.91406250      -8.73928368E-02
  -1.87500000     -0.124474920    
  -1.83593750     -0.159319654    
  -1.79687500     -0.191547245    
  -1.75781250     -0.220810160    
  -1.71875000     -0.246795252    
  -1.67968750     -0.269225001    
  -1.64062500     -0.287858725    
  -1.60156250     -0.302493244    
  -1.56250000     -0.312963933    
  -1.52343750     -0.319144279    
  -1.48437500     -0.320946515    
  -1.44531250     -0.318320960    
  -1.40625000     -0.311255574    
  -1.36718750     -0.299775362    
  -1.32812500     -0.283941150    
  -1.28906250     -0.263848543    
  -1.25000000     -0.239626542    
  -1.21093750     -0.211435720    
  -1.17187500     -0.179466769    
  -1.13281250     -0.143938377    
  -1.09375000     -0.105095305    
  -1.05468750      -6.32061288E-02
  -1.01562500      -1.85610056E-02
 -0.976562500       2.85307020E-02
 -0.937500000       7.77429044E-02
 -0.898437500      0.128735289    
 -0.859375000      0.181155846    
 -0.820312500      0.234643430    
 -0.781250000      0.288830578    
 -0.742187500      0.343345672    
 -0.703125000      0.397816032    
 -0.664062500      0.451870084    
 -0.625000000      0.505140185    
 -0.585937500      0.557264686    
 -0.546875000      0.607890785    
 -0.507812500      0.656676352    
 -0.468750000      0.703292966    
 -0.429687500      0.747426629    
 -0.390625000      0.788781404    
 -0.351562500      0.827080190    
 -0.312500000      0.862066507    
 -0.273437500      0.893507063    
 -0.234375000      0.921191752    
 -0.195312500      0.944936395    
 -0.156250000      0.964582801    
 -0.117187500      0.980000317    
  -7.81250000E-02  0.991086602    
  -3.90625000E-02  0.997768044    
   0.00000000       1.00000012    
   3.90625000E-02  0.997768104    
   7.81250000E-02  0.991086662    
  0.117187500      0.980000317    
  0.156250000      0.964582741    
  0.195312500      0.944936335    
  0.234375000      0.921191752    
  0.273437500      0.893507004    
  0.312500000      0.862066567    
  0.351562500      0.827080190    
  0.390625000      0.788781404    
  0.429687500      0.747426629    
  0.468750000      0.703292847    
  0.507812500      0.656676412    
  0.546875000      0.607890785    
  0.585937500      0.557264745    
  0.625000000      0.505140185    
  0.664062500      0.451870233    
  0.703125000      0.397816151    
  0.742187500      0.343345672    
  0.781250000      0.288830638    
  0.820312500      0.234643608    
  0.859375000      0.181155786    
  0.898437500      0.128735423    
  0.937500000       7.77430981E-02
  0.976562500       2.85306480E-02
   1.01562500      -1.85608901E-02
   1.05468750      -6.32058755E-02
   1.09375000     -0.105095461    
   1.13281250     -0.143938228    
   1.17187500     -0.179466546    
   1.21093750     -0.211435929    
   1.25000000     -0.239626452    
   1.28906250     -0.263848245    
   1.32812500     -0.283941507    
   1.36718750     -0.299775153    
   1.40625000     -0.311255276    
   1.44531250     -0.318320453    
   1.48437500     -0.320946425    
   1.52343750     -0.319143891    
   1.56250000     -0.312963516    
   1.60156250     -0.302493095    
   1.64062500     -0.287858397    
   1.67968750     -0.269225776    
   1.71875000     -0.246795326    
   1.75781250     -0.220809668    
   1.79687500     -0.191546783    
   1.83593750     -0.159319565    
   1.87500000     -0.124474652    
   1.91406250      -8.73921067E-02
   1.95312500      -4.84839790E-02
   1.99218750      -8.18532333E-03
   2.03125000       3.30353528E-02
   2.07031250       7.46999830E-02
   2.10937500      0.116297841    
   2.14843750      0.157309771    
   2.18750000      0.197208151    
   2.22656250      0.235450417    
   2.26562500      0.271498650    
   2.30468750      0.304813594    
   2.34375000      0.334866524    
   2.38281250      0.361137062    
   2.42187500      0.383128464    
   2.46093750      0.400365591    
   2.50000000      0.412397444    
   2.53906250      0.418825239    
   2.57812500      0.419269085    
   2.61718750      0.413419724    
   2.65625000      0.401008368    
   2.69531250      0.381831378    
   2.73437500      0.355751127    
   2.77343750      0.322712004    
   2.81250000      0.282723278    
   2.85156250      0.235887617    
   2.89062500      0.182388723    
   2.92968750      0.122524202    
   2.96875000       5.66651598E-02
   3.00781250      -1.46799590E-02
   3.04687500      -9.09378603E-02
   3.08593750     -0.171384558    
   3.12500000     -0.255209327    
   3.16406250     -0.341485709    
   3.20312500     -0.429146707    
   3.24218750     -0.517041504    
   3.28125000     -0.603918910    
   3.32031250     -0.688377798    
   3.35937500     -0.768961906    
   3.39843750     -0.844050944    
   3.43750000     -0.912023723    
   3.47656250     -0.971109986    
   3.51562500      -1.01948750    
   3.55468750      -1.05530894    
   3.59375000      -1.07667816    
   3.63281250      -1.08164668    
   3.67187500      -1.06832778    
   3.71093750      -1.03481948    
   3.75000000     -0.979254603    
   3.78906250     -0.899907112    
   3.82812500     -0.795155287    
   3.86718750     -0.663565576    
   3.90625000     -0.503798902    
   3.94531250     -0.314822167    
   3.98437500      -9.60131809E-02
   4.02343750      0.153150633    
   4.06250000      0.432499021    
   4.10156250      0.741637528    
   4.14062500       1.07941103    
   4.17968750       1.44420314    
   4.21875000       1.83353806    
   4.25781250       2.24434137    
   4.29687500       2.67251563    
   4.33593750       3.11289001    
   4.37500000       3.55932736    
   4.41406250       4.00439119    
   4.45312500       4.43947840    
   4.49218750       4.85407448    
   4.53125000       5.23648500    
   4.57031250       5.57295227    
   4.60937500       5.84791565    
   4.64843750       6.04356766    
   4.68750000       6.13991976    
   4.72656250       6.11440325    
   4.76562500       5.94174671    
   4.80468750       5.59358597    
   4.84375000       5.03884983    
   4.88281250       4.24243593    
   4.92187500       3.16627336    
   4.96093750       1.76767170    
   5.00000000       4.22447920E-05
