   0.00000000       10.0000000    
   5.85937500E-02   9.99984932    
  0.117187500       9.99970150    
  0.175781250       9.99956036    
  0.234375000       9.99942875    
  0.292968750       9.99930859    
  0.351562500       9.99920464    
  0.410156250       9.99911976    
  0.468750000       9.99905586    
  0.527343750       9.99901772    
  0.585937500       9.99900723    
  0.644531250       9.99902725    
  0.703125000       9.99908257    
  0.761718750       9.99917507    
  0.820312500       9.99930763    
  0.878906250       9.99948406    
  0.937500000       9.99970722    
  0.996093750       9.99997997    
   1.05468750       10.0003033    
   1.11328125       10.0006657    
   1.17187500       10.0010500    
   1.23046875       10.0014429    
   1.28906250       10.0018272    
   1.34765625       10.0021877    
   1.40625000       10.0025091    
   1.46484375       10.0027761    
   1.52343750       10.0029726    
   1.58203125       10.0030823    
   1.64062500       10.0030909    
   1.69921875       10.0029831    
   1.75781250       10.0027418    
   1.81640625       10.0023527    
   1.87500000       10.0017996    
   1.93359375       10.0010672    
   1.99218750       10.0001392    
   2.05078125       9.99900436    
   2.10937500       9.99767017    
   2.16796875       9.99615097    
   2.22656250       9.99446106    
   2.28515625       9.99261665    
   2.34375000       9.99063206    
   2.40234375       9.98852253    
   2.46093750       9.98630142    
   2.51953125       9.98398590    
   2.57812500       9.98158836    
   2.63671875       9.97912598    
   2.69531250       9.97661304    
   2.75390625       9.97406387    
   2.81250000       9.97149277    
   2.87109375       9.96891594    
   2.92968750       9.96634769    
   2.98828125       9.96380329    
   3.04687500       9.96129608    
   3.10546875       9.95884323    
   3.16406250       9.95645809    
   3.22265625       9.95415592    
   3.28125000       9.95195198    
   3.33984375       9.94986057    
   3.39843750       9.94789696    
   3.45703125       9.94607544    
   3.51562500       9.94441128    
   3.57421875       9.94291973    
   3.63281250       9.94161606    
   3.69140625       9.94051361    
   3.75000000       9.93962860    
   3.80859375       9.93897438    
   3.86718750       9.93856812    
   3.92578125       9.93842316    
   3.98437500       9.93855476    
   4.04296875       9.93897724    
   4.10156250       9.93970585    
   4.16015625       9.94075584    
   4.21875000       9.94214249    
   4.27734375       9.94387913    
   4.33593750       9.94598198    
   4.39453125       9.94846630    
   4.45312500       9.95134449    
   4.51171875       9.95463467    
   4.57031250       9.95834923    
   4.62890625       9.96250343    
   4.68750000       9.96711349    
   4.74609375       9.97219372    
   4.80468750       9.97775841    
   4.86328125       9.98382282    
   4.92187500       9.99040127    
   4.98046875       9.99750996    
   5.03906250       10.0051498    
   5.09765625       10.0131693    
   5.15625000       10.0213165    
   5.21484375       10.0293417    
   5.27343750       10.0369902    
   5.33203125       10.0440102    
   5.39062500       10.0501509    
   5.44921875       10.0551586    
   5.50781250       10.0587807    
   5.56640625       10.0607662    
   5.62500000       10.0608616    
   5.68359375       10.0588150    
   5.74218750       10.0543747    
   5.80078125       10.0472879    
   5.85937500       10.0373020    
   5.91796875       10.0241652    
   5.97656250       10.0076256    
   6.03515625       9.98745441    
   6.09375000       9.96379280    
   6.15234375       9.93706703    
   6.21093750       9.90770817    
   6.26953125       9.87614822    
   6.32812500       9.84281921    
   6.38671875       9.80815411    
   6.44531250       9.77258587    
   6.50390625       9.73654461    
   6.56250000       9.70046329    
   6.62109375       9.66477489    
   6.67968750       9.62991047    
   6.73828125       9.59630299    
   6.79687500       9.56438446    
   6.85546875       9.53458691    
   6.91406250       9.50734234    
   6.97265625       9.48308372    
   7.03125000       9.46224213    
   7.08984375       9.44525051    
   7.14843750       9.43254089    
   7.20703125       9.42454529    
   7.26562500       9.42169666    
   7.32421875       9.42442608    
   7.38281250       9.43316555    
   7.44140625       9.44834805    
   7.50000000       9.47040653    
   7.55859375       9.49977112    
   7.61718750       9.53687572    
   7.67578125       9.58215141    
   7.73437500       9.63603115    
   7.79296875       9.69894695    
   7.85156250       9.77132988    
   7.91015625       9.85361385    
   7.96875000       9.94623089    
   8.02734375       10.0495453    
   8.08593750       10.1621399    
   8.14453125       10.2806454    
   8.20312500       10.4015970    
   8.26171875       10.5215273    
   8.32031250       10.6369724    
   8.37890625       10.7444649    
   8.43750000       10.8405390    
   8.49609375       10.9217291    
   8.55468750       10.9845686    
   8.61328125       11.0255919    
   8.67187500       11.0413322    
   8.73046875       11.0283251    
   8.78906250       10.9831028    
   8.84765625       10.9022007    
   8.90625000       10.7821531    
   8.96484375       10.6194925    
   9.02343750       10.4108543    
   9.08203125       10.1568041    
   9.14062500       9.86301041    
   9.19921875       9.53548431    
   9.25781250       9.18023586    
   9.31640625       8.80327606    
   9.37500000       8.41061497    
   9.43359375       8.00826263    
   9.49218750       7.60223055    
   9.55078125       7.19852877    
   9.60937500       6.80316782    
   9.66796875       6.42215824    
   9.72656250       6.06151056    
   9.78515625       5.72723484    
   9.84375000       5.42534208    
   9.90234375       5.16184282    
   9.96093750       4.94274712    
   10.0195312       4.77406597    
   10.0781250       4.66180992    
   10.1367188       4.61198854    
   10.1953125       4.63061333    
   10.2539062       4.72369432    
   10.3125000       4.89724255    
   10.3710938       5.15726757    
   10.4296875       5.50978088    
   10.4882812       5.96079206    
   10.5468750       6.51631212    
   10.6054688       7.18235159    
   10.6640625       7.96492100    
   10.7226562       8.87003040    
   10.7812500       9.90369129    
   10.8398438       11.0719128    
   10.8984375       12.3807068    
   10.9570312       13.8360825    
   11.0156250       15.4439716    
   11.0742188       17.2020779    
   11.1328125       19.0928345    
   11.1914062       21.0970230    
   11.2500000       23.1954193    
   11.3085938       25.3688011    
   11.3671875       27.5979462    
   11.4257812       29.8636322    
   11.4843750       32.1466408    
   11.5429688       34.4277420    
   11.6015625       36.6877213    
   11.6601562       38.9073524    
   11.7187500       41.0674133    
   11.7773438       43.1486816    
   11.8359375       45.1319389    
   11.8945312       46.9979553    
   11.9531250       48.7275200    
   12.0117188       50.3014374    
   12.0703125       51.7084160    
   12.1289062       52.9547729    
   12.1875000       54.0491943    
   12.2460938       55.0003777    
   12.3046875       55.8170166    
   12.3632812       56.5078049    
   12.4218750       57.0814323    
   12.4804688       57.5466003    
   12.5390625       57.9119949    
   12.5976562       58.1863136    
   12.6562500       58.3782463    
   12.7148438       58.4964905    
   12.7734375       58.5497398    
   12.8320312       58.5466881    
   12.8906250       58.4960251    
   12.9492188       58.4064484    
   13.0078125       58.2866478    
   13.0664062       58.1453209    
   13.1250000       57.9911575    
   13.1835938       57.8328552    
   13.2421875       57.6791077    
   13.3007812       57.5386047    
   13.3593750       57.4200401    
   13.4179688       57.3321114    
   13.4765625       57.2835083    
   13.5351562       57.2829285    
   13.5937500       57.3390617    
   13.6523438       57.4606018    
   13.7109375       57.6562462    
   13.7695312       57.9346848    
   13.8281250       58.3046150    
   13.8867188       58.7747269    
   13.9453125       59.3537140    
   14.0039062       60.0502701    
   14.0625000       60.8698425    
   14.1210938       61.8072433    
   14.1796875       62.8551102    
   14.2382812       64.0060806    
   14.2968750       65.2527771    
   14.3554688       66.5878525    
   14.4140625       68.0039368    
   14.4726562       69.4936600    
   14.5312500       71.0496597    
   14.5898438       72.6645813    
   14.6484375       74.3310471    
   14.7070312       76.0417023    
   14.7656250       77.7891769    
   14.8242188       79.5661087    
   14.8828125       81.3651276    
   14.9414062       83.1788864    
   15.0000000       85.0000000    
