  -5.00000000       0.00000000    
  -4.96093750       3.23228422E-04
  -4.92187500       6.43493084E-04
  -4.88281250       9.57830227E-04
  -4.84375000       1.26327609E-03
  -4.80468750       1.55686680E-03
  -4.76562500       1.83563877E-03
  -4.72656250       2.09662807E-03
  -4.68750000       2.33687111E-03
  -4.64843750       2.55340384E-03
  -4.60937500       2.74326280E-03
  -4.57031250       2.90348404E-03
  -4.53125000       3.03110387E-03
  -4.49218750       3.12315836E-03
  -4.45312500       3.17668403E-03
  -4.41406250       3.18871695E-03
  -4.37500000       3.15629342E-03
  -4.33593750       3.07644950E-03
  -4.29687500       2.94622150E-03
  -4.25781250       2.76264572E-03
  -4.21875000       2.52275844E-03
  -4.17968750       2.22359574E-03
  -4.14062500       1.86219404E-03
  -4.10156250       1.43558951E-03
  -4.06250000       9.40818223E-04
  -4.02343750       3.74916533E-04
  -3.98437500      -2.64889648E-04
  -3.94531250      -9.74000548E-04
  -3.90625000      -1.73823745E-03
  -3.86718750      -2.54278164E-03
  -3.82812500      -3.37281427E-03
  -3.78906250      -4.21351660E-03
  -3.75000000      -5.05006919E-03
  -3.71093750      -5.86765399E-03
  -3.67187500      -6.65145181E-03
  -3.63281250      -7.38664391E-03
  -3.59375000      -8.05841107E-03
  -3.55468750      -8.65193550E-03
  -3.51562500      -9.15239658E-03
  -3.47656250      -9.54497792E-03
  -3.43750000      -9.81485844E-03
  -3.39843750      -9.94721986E-03
  -3.35937500      -9.92724393E-03
  -3.32031250      -9.74011235E-03
  -3.28125000      -9.37100407E-03
  -3.24218750      -8.80510267E-03
  -3.20312500      -8.02758802E-03
  -3.16406250      -7.02364184E-03
  -3.12500000      -5.77844447E-03
  -3.08593750      -4.27717809E-03
  -3.04687500      -2.50502327E-03
  -3.00781250      -4.47161321E-04
  -2.96875000       1.90515665E-03
  -2.92968750       4.51582018E-03
  -2.89062500       7.32861273E-03
  -2.85156250       1.02872225E-02
  -2.81250000       1.33353379E-02
  -2.77343750       1.64166484E-02
  -2.73437500       1.94748398E-02
  -2.69531250       2.24536043E-02
  -2.65625000       2.52966266E-02
  -2.61718750       2.79475972E-02
  -2.57812500       3.03502046E-02
  -2.53906250       3.24481353E-02
  -2.50000000       3.41850817E-02
  -2.46093750       3.55047286E-02
  -2.42187500       3.63507643E-02
  -2.38281250       3.66668813E-02
  -2.34375000       3.63967642E-02
  -2.30468750       3.54841016E-02
  -2.26562500       3.38725820E-02
  -2.22656250       3.15058976E-02
  -2.18750000       2.83277296E-02
  -2.14843750       2.42817737E-02
  -2.10937500       1.93117149E-02
  -2.07031250       1.33612417E-02
  -2.03125000       6.37404295E-03
  -1.99218750      -1.70583755E-03
  -1.95312500      -1.08589577E-02
  -1.91406250      -2.08976511E-02
  -1.87500000      -3.16114910E-02
  -1.83593750      -4.27900478E-02
  -1.79687500      -5.42228967E-02
  -1.75781250      -6.56996146E-02
  -1.71875000      -7.70097598E-02
  -1.67968750      -8.79429206E-02
  -1.64062500      -9.82886553E-02
  -1.60156250     -0.107836552    
  -1.56250000     -0.116376169    
  -1.52343750     -0.123697095    
  -1.48437500     -0.129588887    
  -1.44531250     -0.133841112    
  -1.40625000     -0.136243373    
  -1.36718750     -0.136585206    
  -1.32812500     -0.134656206    
  -1.28906250     -0.130245954    
  -1.25000000     -0.123143993    
  -1.21093750     -0.113139920    
  -1.17187500     -0.100023292    
  -1.13281250      -8.35836902E-02
  -1.09375000      -6.36106879E-02
  -1.05468750      -3.98938544E-02
  -1.01562500      -1.22227641E-02
 -0.976562500       1.95900369E-02
 -0.937500000       5.53882234E-02
 -0.898437500       9.47508365E-02
 -0.859375000      0.137250096    
 -0.820312500      0.182458252    
 -0.781250000      0.229947507    
 -0.742187500      0.279290110    
 -0.703125000      0.330058277    
 -0.664062500      0.381824255    
 -0.625000000      0.434160262    
 -0.585937500      0.486638546    
 -0.546875000      0.538831294    
 -0.507812500      0.590310752    
 -0.468750000      0.640649199    
 -0.429687500      0.689418793    
 -0.390625000      0.736191809    
 -0.351562500      0.780540466    
 -0.312500000      0.822036982    
 -0.273437500      0.860253632    
 -0.234375000      0.894762576    
 -0.195312500      0.925136089    
 -0.156250000      0.950946391    
 -0.117187500      0.971765697    
  -7.81250000E-02  0.987166226    
  -3.90625000E-02  0.996720254    
   0.00000000       1.00000000    
   3.90625000E-02  0.996720254    
   7.81250000E-02  0.987166226    
  0.117187500      0.971765697    
  0.156250000      0.950946391    
  0.195312500      0.925136089    
  0.234375000      0.894762576    
  0.273437500      0.860253632    
  0.312500000      0.822037041    
  0.351562500      0.780540466    
  0.390625000      0.736191809    
  0.429687500      0.689418852    
  0.468750000      0.640649199    
  0.507812500      0.590310812    
  0.546875000      0.538831294    
  0.585937500      0.486638546    
  0.625000000      0.434160292    
  0.664062500      0.381824285    
  0.703125000      0.330058306    
  0.742187500      0.279290140    
  0.781250000      0.229947522    
  0.820312500      0.182458267    
  0.859375000      0.137250111    
  0.898437500       9.47508439E-02
  0.937500000       5.53882308E-02
  0.976562500       1.95900388E-02
   1.01562500      -1.22227632E-02
   1.05468750      -3.98938507E-02
   1.09375000      -6.36106804E-02
   1.13281250      -8.35836828E-02
   1.17187500     -0.100023285    
   1.21093750     -0.113139905    
   1.25000000     -0.123143986    
   1.28906250     -0.130245939    
   1.32812500     -0.134656206    
   1.36718750     -0.136585191    
   1.40625000     -0.136243358    
   1.44531250     -0.133841112    
   1.48437500     -0.129588872    
   1.52343750     -0.123697080    
   1.56250000     -0.116376162    
   1.60156250     -0.107836545    
   1.64062500      -9.82886478E-02
   1.67968750      -8.79429132E-02
   1.71875000      -7.70097524E-02
   1.75781250      -6.56996071E-02
   1.79687500      -5.42228930E-02
   1.83593750      -4.27900441E-02
   1.87500000      -3.16114873E-02
   1.91406250      -2.08976492E-02
   1.95312500      -1.08589567E-02
   1.99218750      -1.70583744E-03
   2.03125000       6.37404248E-03
   2.07031250       1.33612407E-02
   2.10937500       1.93117131E-02
   2.14843750       2.42817719E-02
   2.18750000       2.83277277E-02
   2.22656250       3.15058939E-02
   2.26562500       3.38725783E-02
   2.30468750       3.54840979E-02
   2.34375000       3.63967605E-02
   2.38281250       3.66668776E-02
   2.42187500       3.63507643E-02
   2.46093750       3.55047248E-02
   2.50000000       3.41850780E-02
   2.53906250       3.24481353E-02
   2.57812500       3.03502027E-02
   2.61718750       2.79475953E-02
   2.65625000       2.52966247E-02
   2.69531250       2.24536024E-02
   2.73437500       1.94748379E-02
   2.77343750       1.64166465E-02
   2.81250000       1.33353369E-02
   2.85156250       1.02872215E-02
   2.89062500       7.32861180E-03
   2.92968750       4.51581972E-03
   2.96875000       1.90515642E-03
   3.00781250      -4.47161292E-04
   3.04687500      -2.50502303E-03
   3.08593750      -4.27717762E-03
   3.12500000      -5.77844447E-03
   3.16406250      -7.02364137E-03
   3.20312500      -8.02758802E-03
   3.24218750      -8.80510174E-03
   3.28125000      -9.37100407E-03
   3.32031250      -9.74011142E-03
   3.35937500      -9.92724393E-03
   3.39843750      -9.94721893E-03
   3.43750000      -9.81485751E-03
   3.47656250      -9.54497699E-03
   3.51562500      -9.15239658E-03
   3.55468750      -8.65193456E-03
   3.59375000      -8.05841107E-03
   3.63281250      -7.38664344E-03
   3.67187500      -6.65145135E-03
   3.71093750      -5.86765353E-03
   3.75000000      -5.05006872E-03
   3.78906250      -4.21351613E-03
   3.82812500      -3.37281404E-03
   3.86718750      -2.54278141E-03
   3.90625000      -1.73823733E-03
   3.94531250      -9.74000490E-04
   3.98437500      -2.64889619E-04
   4.02343750       3.74916504E-04
   4.06250000       9.40818107E-04
   4.10156250       1.43558939E-03
   4.14062500       1.86219392E-03
   4.17968750       2.22359574E-03
   4.21875000       2.52275821E-03
   4.25781250       2.76264548E-03
   4.29687500       2.94622127E-03
   4.33593750       3.07644927E-03
   4.37500000       3.15629318E-03
   4.41406250       3.18871671E-03
   4.45312500       3.17668379E-03
   4.49218750       3.12315812E-03
   4.53125000       3.03110364E-03
   4.57031250       2.90348381E-03
   4.60937500       2.74326256E-03
   4.64843750       2.55340361E-03
   4.68750000       2.33687088E-03
   4.72656250       2.09662784E-03
   4.76562500       1.83563854E-03
   4.80468750       1.55686669E-03
   4.84375000       1.26327598E-03
   4.88281250       9.57830169E-04
   4.92187500       6.43493026E-04
   4.96093750       3.23228393E-04
   5.00000000       0.00000000    
