   595.000000      0.643999994    
   596.875000      0.644526601    
   598.750000      0.645051122    
   600.625000      0.645571709    
   602.500000      0.646086276    
   604.375000      0.646592855    
   606.250000      0.647089362    
   608.125000      0.647573888    
   610.000000      0.648044407    
   611.875000      0.648498893    
   613.750000      0.648935318    
   615.625000      0.649351776    
   617.500000      0.649746180    
   619.375000      0.650116503    
   621.250000      0.650460839    
   623.125000      0.650777161    
   625.000000      0.651063383    
   626.875000      0.651317596    
   628.750000      0.651537776    
   630.625000      0.651721835    
   632.500000      0.651867926    
   634.375000      0.651973903    
   636.250000      0.652038097    
   638.125000      0.652060926    
   640.000000      0.652044654    
   641.875000      0.651991248    
   643.750000      0.651902914    
   645.625000      0.651781797    
   647.500000      0.651629984    
   649.375000      0.651449561    
   651.250000      0.651242733    
   653.125000      0.651011586    
   655.000000      0.650758207    
   656.875000      0.650484800    
   658.750000      0.650193393    
   660.625000      0.649886191    
   662.500000      0.649565279    
   664.375000      0.649232805    
   666.250000      0.648890793    
   668.125000      0.648541510    
   670.000000      0.648187041    
   671.875000      0.647829473    
   673.750000      0.647470951    
   675.625000      0.647113562    
   677.500000      0.646759450    
   679.375000      0.646410823    
   681.250000      0.646069646    
   683.125000      0.645738184    
   685.000000      0.645418465    
   686.875000      0.645112693    
   688.750000      0.644822896    
   690.625000      0.644551277    
   692.500000      0.644299924    
   694.375000      0.644070983    
   696.250000      0.643866479    
   698.125000      0.643687904    
   700.000000      0.643536150    
   701.875000      0.643412352    
   703.750000      0.643317461    
   705.625000      0.643252432    
   707.500000      0.643218279    
   709.375000      0.643216014    
   711.250000      0.643246591    
   713.125000      0.643311143    
   715.000000      0.643410563    
   716.875000      0.643545806    
   718.750000      0.643718004    
   720.625000      0.643927991    
   722.500000      0.644176960    
   724.375000      0.644465744    
   726.250000      0.644795418    
   728.125000      0.645166993    
   730.000000      0.645581365    
   731.875000      0.646039724    
   733.750000      0.646542847    
   735.625000      0.647091866    
   737.500000      0.647687793    
   739.375000      0.648331523    
   741.250000      0.649024248    
   743.125000      0.649766684    
   745.000000      0.650560081    
   746.875000      0.651405275    
   748.750000      0.652303398    
   750.625000      0.653255343    
   752.500000      0.654262125    
   754.375000      0.655324817    
   756.250000      0.656444311    
   758.125000      0.657621741    
   760.000000      0.658857942    
   761.875000      0.660154045    
   763.750000      0.661510944    
   765.625000      0.662929714    
   767.500000      0.664411366    
   769.375000      0.665956855    
   771.250000      0.667567134    
   773.125000      0.669243336    
   775.000000      0.670986354    
   776.875000      0.672797203    
   778.750000      0.674676895    
   780.625000      0.676626444    
   782.500000      0.678646803    
   784.375000      0.680739045    
   786.250000      0.682904065    
   788.125000      0.685142934    
   790.000000      0.687456667    
   791.875000      0.689846218    
   793.750000      0.692312598    
   795.625000      0.694856882    
   797.500000      0.697485983    
   799.375000      0.700215816    
   801.250000      0.703063011    
   803.125000      0.706044257    
   805.000000      0.709176123    
   806.875000      0.712475419    
   808.750000      0.715958655    
   810.625000      0.719642520    
   812.500000      0.723543763    
   814.375000      0.727678955    
   816.250000      0.732064784    
   818.125000      0.736717939    
   820.000000      0.741655052    
   821.875000      0.746892750    
   823.750000      0.752447665    
   825.625000      0.758336604    
   827.500000      0.764576137    
   829.375000      0.771182835    
   831.250000      0.778173506    
   833.125000      0.785564661    
   835.000000      0.793373108    
   836.875000      0.801615417    
   838.750000      0.810308278    
   840.625000      0.819468319    
   842.500000      0.829112232    
   844.375000      0.839256644    
   846.250000      0.849918246    
   848.125000      0.861113667    
   850.000000      0.872859597    
   851.875000      0.885172665    
   853.750000      0.898069561    
   855.625000      0.911574364    
   857.500000      0.926161408    
   859.375000      0.943002403    
   861.250000      0.963329256    
   863.125000      0.988373637    
   865.000000       1.01936746    
   866.875000       1.05754244    
   868.750000       1.10413039    
   870.625000       1.16036320    
   872.500000       1.22747254    
   874.375000       1.30669034    
   876.250000       1.39893043    
   878.125000       1.50141120    
   880.000000       1.60896647    
   881.875000       1.71639049    
   883.750000       1.81847763    
   885.625000       1.91005671    
   887.500000       1.98803055    
   889.375000       2.05251718    
   891.250000       2.10391140    
   893.125000       2.14260745    
   895.000000       2.16899991    
   896.875000       2.18319821    
   898.750000       2.18417144    
   900.625000       2.17060304    
   902.500000       2.14117718    
   904.375000       2.09457731    
   906.250000       2.02979088    
   908.125000       1.94933414    
   910.000000       1.85799980    
   911.875000       1.76061869    
   913.750000       1.66202152    
   915.625000       1.56700718    
   917.500000       1.47846282    
   919.375000       1.39631200    
   921.250000       1.32022369    
   923.125000       1.24986660    
   925.000000       1.18490958    
   926.875000       1.12502146    
   928.750000       1.06987095    
   930.625000       1.01912689    
   932.500000      0.972458124    
   934.375000      0.929533482    
   936.250000      0.890031576    
   938.125000      0.853745699    
   940.000000      0.820543349    
   941.875000      0.790292978    
   943.750000      0.762863219    
   945.625000      0.738122582    
   947.500000      0.715939701    
   949.375000      0.696183026    
   951.250000      0.678721309    
   953.125000      0.663423002    
   955.000000      0.650156677    
   956.875000      0.638790905    
   958.750000      0.629194260    
   960.625000      0.621235371    
   962.500000      0.614782751    
   964.375000      0.609704912    
   966.250000      0.605870605    
   968.125000      0.603148222    
   970.000000      0.601406336    
   971.875000      0.600513637    
   973.750000      0.600338638    
   975.625000      0.600749850    
   977.500000      0.601615965    
   979.375000      0.602805436    
   981.250000      0.604186893    
   983.125000      0.605628848    
   985.000000      0.606999993    
   986.875000      0.608192444    
   988.750000      0.609193206    
   990.625000      0.610012770    
   992.500000      0.610661864    
   994.375000      0.611150980    
   996.250000      0.611490726    
   998.125000      0.611691833    
   1000.00000      0.611764729    
   1001.87500      0.611720026    
   1003.75000      0.611568391    
   1005.62500      0.611320376    
   1007.50000      0.610986650    
   1009.37500      0.610577703    
   1011.25000      0.610104144    
   1013.12500      0.609576643    
   1015.00000      0.609005809    
   1016.87500      0.608402073    
   1018.75000      0.607776165    
   1020.62500      0.607138693    
   1022.50000      0.606500208    
   1024.37500      0.605871320    
   1026.25000      0.605262518    
   1028.12500      0.604684591    
   1030.00000      0.604147971    
   1031.87500      0.603663385    
   1033.75000      0.603241384    
   1035.62500      0.602892399    
   1037.50000      0.602621675    
   1039.37500      0.602426171    
   1041.25000      0.602302134    
   1043.12500      0.602245748    
   1045.00000      0.602253318    
   1046.87500      0.602321029    
   1048.75000      0.602445185    
   1050.62500      0.602621973    
   1052.50000      0.602847636    
   1054.37500      0.603118420    
   1056.25000      0.603430569    
   1058.12500      0.603780329    
   1060.00000      0.604163945    
   1061.87500      0.604577661    
   1063.75000      0.605017662    
   1065.62500      0.605480254    
   1067.50000      0.605961621    
   1069.37500      0.606458068    
   1071.25000      0.606965780    
   1073.12500      0.607481003    
   1075.00000      0.607999980    
