   22.0000000       523.000000    
   22.0078125       523.208191    
   22.0156250       523.416504    
   22.0234375       523.625183    
   22.0312500       523.834290    
   22.0390625       524.043945    
   22.0468750       524.254456    
   22.0546875       524.465820    
   22.0625000       524.678284    
   22.0703125       524.891968    
   22.0781250       525.107056    
   22.0859375       525.323608    
   22.0937500       525.541931    
   22.1015625       525.762024    
   22.1093750       525.984131    
   22.1171875       526.208313    
   22.1250000       526.434875    
   22.1328125       526.663818    
   22.1406250       526.895386    
   22.1484375       527.129700    
   22.1562500       527.366943    
   22.1640625       527.607239    
   22.1718750       527.850708    
   22.1796875       528.097595    
   22.1875000       528.347961    
   22.1953125       528.601990    
   22.2031250       528.859802    
   22.2109375       529.121643    
   22.2187500       529.387634    
   22.2265625       529.657837    
   22.2343750       529.932556    
   22.2421875       530.211792    
   22.2500000       530.495789    
   22.2578125       530.784668    
   22.2656250       531.078613    
   22.2734375       531.377747    
   22.2812500       531.682190    
   22.2890625       531.992188    
   22.2968750       532.307800    
   22.3046875       532.629272    
   22.3125000       532.956665    
   22.3203125       533.290161    
   22.3281250       533.629944    
   22.3359375       533.976135    
   22.3437500       534.328918    
   22.3515625       534.688416    
   22.3593750       535.054810    
   22.3671875       535.428223    
   22.3750000       535.808777    
   22.3828125       536.196716    
   22.3906250       536.592163    
   22.3984375       536.995239    
   22.4062500       537.406067    
   22.4140625       537.824890    
   22.4218750       538.251770    
   22.4296875       538.686951    
   22.4375000       539.130493    
   22.4453125       539.582642    
   22.4531250       540.043457    
   22.4609375       540.513184    
   22.4687500       540.991882    
   22.4765625       541.479797    
   22.4843750       541.976990    
   22.4921875       542.483704    
   22.5000000       543.000000    
   22.5078125       543.525879    
   22.5156250       544.060120    
   22.5234375       544.601501    
   22.5312500       545.148560    
   22.5390625       545.700012    
   22.5468750       546.254517    
   22.5546875       546.810669    
   22.5625000       547.367126    
   22.5703125       547.922607    
   22.5781250       548.475647    
   22.5859375       549.024963    
   22.5937500       549.569153    
   22.6015625       550.106934    
   22.6093750       550.637939    
   22.6171875       551.164062    
   22.6250000       551.687378    
   22.6328125       552.210144    
   22.6406250       552.734558    
   22.6484375       553.262756    
   22.6562500       553.796875    
   22.6640625       554.339111    
   22.6718750       554.891724    
   22.6796875       555.456787    
   22.6875000       556.036499    
   22.6953125       556.633057    
   22.7031250       557.248535    
   22.7109375       557.882263    
   22.7187500       558.530029    
   22.7265625       559.187378    
   22.7343750       559.849792    
   22.7421875       560.512756    
   22.7500000       561.171814    
   22.7578125       561.822510    
   22.7656250       562.460327    
   22.7734375       563.080750    
   22.7812500       563.679382    
   22.7890625       564.251648    
   22.7968750       564.793091    
   22.8046875       565.300110    
   22.8125000       565.781433    
   22.8203125       566.255432    
   22.8281250       566.740784    
   22.8359375       567.256104    
   22.8437500       567.820007    
   22.8515625       568.451111    
   22.8593750       569.168030    
   22.8671875       569.989380    
   22.8750000       570.933838    
   22.8828125       572.020020    
   22.8906250       573.266479    
   22.8984375       574.691895    
   22.9062500       576.308044    
   22.9140625       578.076233    
   22.9218750       579.935120    
   22.9296875       581.823364    
   22.9375000       583.679443    
   22.9453125       585.441956    
   22.9531250       587.049500    
   22.9609375       588.440613    
   22.9687500       589.553894    
   22.9765625       590.327881    
   22.9843750       590.701172    
   22.9921875       590.612366    
   23.0000000       590.000000    
   23.0078125       588.855530    
   23.0156250       587.381714    
   23.0234375       585.834351    
   23.0312500       584.469116    
   23.0390625       583.541626    
   23.0468750       583.307678    
   23.0546875       584.022888    
   23.0625000       585.943054    
   23.0703125       589.323730    
   23.0781250       594.420715    
   23.0859375       601.489685    
   23.0937500       610.786316    
   23.1015625       622.565430    
   23.1093750       636.895569    
   23.1171875       653.429504    
   23.1250000       671.763794    
   23.1328125       691.494934    
   23.1406250       712.219482    
   23.1484375       733.533997    
   23.1562500       755.035034    
   23.1640625       776.319092    
   23.1718750       796.982666    
   23.1796875       816.622375    
   23.1875000       834.834778    
   23.1953125       851.216309    
   23.2031250       865.370361    
   23.2109375       877.161926    
   23.2187500       886.796387    
   23.2265625       894.501770    
   23.2343750       900.506104    
   23.2421875       905.037537    
   23.2500000       908.324036    
   23.2578125       910.593750    
   23.2656250       912.074646    
   23.2734375       912.994873    
   23.2812500       913.582458    
   23.2890625       914.065430    
   23.2968750       914.671875    
   23.3046875       915.619690    
   23.3125000       916.974915    
   23.3203125       918.686646    
   23.3281250       920.701111    
   23.3359375       922.964355    
   23.3437500       925.422546    
   23.3515625       928.021790    
   23.3593750       930.708313    
   23.3671875       933.428162    
   23.3750000       936.127502    
   23.3828125       938.752441    
   23.3906250       941.249146    
   23.3984375       943.563782    
   23.4062500       945.648621    
   23.4140625       947.501953    
   23.4218750       949.142456    
   23.4296875       950.589172    
   23.4375000       951.860840    
   23.4453125       952.976379    
   23.4531250       953.954712    
   23.4609375       954.814697    
   23.4687500       955.575134    
   23.4765625       956.255066    
   23.4843750       956.873230    
   23.4921875       957.448608    
   23.5000000       958.000000    
   23.5078125       958.543213    
   23.5156250       959.081421    
   23.5234375       959.614685    
   23.5312500       960.143127    
   23.5390625       960.666809    
   23.5468750       961.185852    
   23.5546875       961.700256    
   23.5625000       962.210144    
   23.5703125       962.715637    
   23.5781250       963.216736    
   23.5859375       963.713562    
   23.5937500       964.206177    
   23.6015625       964.694702    
   23.6093750       965.179138    
   23.6171875       965.659668    
   23.6250000       966.136292    
   23.6328125       966.609070    
   23.6406250       967.078186    
   23.6484375       967.543579    
   23.6562500       968.005493    
   23.6640625       968.463867    
   23.6718750       968.918823    
   23.6796875       969.370483    
   23.6875000       969.818909    
   23.6953125       970.264099    
   23.7031250       970.706238    
   23.7109375       971.145386    
   23.7187500       971.581543    
   23.7265625       972.014893    
   23.7343750       972.445496    
   23.7421875       972.873352    
   23.7500000       973.298584    
   23.7578125       973.721313    
   23.7656250       974.141602    
   23.7734375       974.559448    
   23.7812500       974.975037    
   23.7890625       975.388428    
   23.7968750       975.799622    
   23.8046875       976.208801    
   23.8125000       976.615967    
   23.8203125       977.021240    
   23.8281250       977.424744    
   23.8359375       977.826416    
   23.8437500       978.226501    
   23.8515625       978.624939    
   23.8593750       979.021912    
   23.8671875       979.417419    
   23.8750000       979.811646    
   23.8828125       980.204529    
   23.8906250       980.596252    
   23.8984375       980.986877    
   23.9062500       981.376465    
   23.9140625       981.765137    
   23.9218750       982.152893    
   23.9296875       982.539856    
   23.9375000       982.926086    
   23.9453125       983.311707    
   23.9531250       983.696777    
   23.9609375       984.081360    
   23.9687500       984.465576    
   23.9765625       984.849487    
   23.9843750       985.233093    
   23.9921875       985.616577    
   24.0000000       986.000000    
