  -3.00000000       0.00000000    
  -2.97656250       2.70284154E-03
  -2.95312500       5.39676985E-03
  -2.92968750       8.07287171E-03
  -2.90625000       1.07222339E-02
  -2.88281250       1.33359432E-02
  -2.85937500       1.59050878E-02
  -2.83593750       1.84207521E-02
  -2.81250000       2.08740234E-02
  -2.78906250       2.32559908E-02
  -2.76562500       2.55577397E-02
  -2.74218750       2.77703553E-02
  -2.71875000       2.98849270E-02
  -2.69531250       3.18925381E-02
  -2.67187500       3.37842815E-02
  -2.64843750       3.55512388E-02
  -2.62500000       3.71844955E-02
  -2.60156250       3.86751443E-02
  -2.57812500       4.00142670E-02
  -2.55468750       4.11929563E-02
  -2.53125000       4.22022901E-02
  -2.50781250       4.30333614E-02
  -2.48437500       4.36772592E-02
  -2.46093750       4.41250615E-02
  -2.43750000       4.43678647E-02
  -2.41406250       4.43967506E-02
  -2.39062500       4.42028046E-02
  -2.36718750       4.37771194E-02
  -2.34375000       4.31107767E-02
  -2.32031250       4.21948619E-02
  -2.29687500       4.10204679E-02
  -2.27343750       3.95786762E-02
  -2.25000000       3.78605798E-02
  -2.22656250       3.58572565E-02
  -2.20312500       3.35597992E-02
  -2.17968750       3.09592951E-02
  -2.15625000       2.80468296E-02
  -2.13281250       2.48134881E-02
  -2.10937500       2.12503579E-02
  -2.08593750       1.73485279E-02
  -2.06250000       1.30990837E-02
  -2.03906250       8.49311147E-03
  -2.01562500       3.52169923E-03
  -1.99218750      -1.82373717E-03
  -1.96875000      -7.53197307E-03
  -1.94531250      -1.35610839E-02
  -1.92187500      -1.98665038E-02
  -1.89843750      -2.64036655E-02
  -1.87500000      -3.31280045E-02
  -1.85156250      -3.99949551E-02
  -1.82812500      -4.69599515E-02
  -1.80468750      -5.39784245E-02
  -1.78125000      -6.10058159E-02
  -1.75781250      -6.79975525E-02
  -1.73437500      -7.49090686E-02
  -1.71093750      -8.16957951E-02
  -1.68750000      -8.83131772E-02
  -1.66406250      -9.47166458E-02
  -1.64062500     -0.100861624    
  -1.61718750     -0.106703557    
  -1.59375000     -0.112197876    
  -1.57031250     -0.117300019    
  -1.54687500     -0.121965408    
  -1.52343750     -0.126149490    
  -1.50000000     -0.129807696    
  -1.47656250     -0.132895455    
  -1.45312500     -0.135368198    
  -1.42968750     -0.137181371    
  -1.40625000     -0.138290405    
  -1.38281250     -0.138650730    
  -1.35937500     -0.138217777    
  -1.33593750     -0.136946991    
  -1.31250000     -0.134793803    
  -1.28906250     -0.131713629    
  -1.26562500     -0.127661929    
  -1.24218750     -0.122594118    
  -1.21875000     -0.116465643    
  -1.19531250     -0.109231934    
  -1.17187500     -0.100848421    
  -1.14843750      -9.12705436E-02
  -1.12500000      -8.04537311E-02
  -1.10156250      -6.83534145E-02
  -1.07812500      -5.49250394E-02
  -1.05468750      -4.01240326E-02
  -1.03125000      -2.39058286E-02
  -1.00781250      -6.22586114E-03
 -0.984375000       1.29536847E-02
 -0.960937500       3.35921682E-02
 -0.937500000       5.55983298E-02
 -0.914062500       7.88800716E-02
 -0.890625000      0.103345282    
 -0.867187500      0.128901869    
 -0.843750000      0.155457720    
 -0.820312500      0.182920724    
 -0.796875000      0.211198807    
 -0.773437500      0.240199834    
 -0.750000000      0.269831717    
 -0.726562500      0.300002366    
 -0.703125000      0.330619663    
 -0.679687500      0.361591488    
 -0.656250000      0.392825782    
 -0.632812500      0.424230397    
 -0.609375000      0.455713272    
 -0.585937500      0.487182260    
 -0.562500000      0.518545270    
 -0.539062500      0.549710274    
 -0.515625000      0.580585063    
 -0.492187500      0.611077547    
 -0.468750000      0.641095698    
 -0.445312500      0.670547307    
 -0.421875000      0.699340403    
 -0.398437500      0.727382779    
 -0.375000000      0.754582345    
 -0.351562500      0.780847013    
 -0.328125000      0.806084692    
 -0.304687500      0.830203295    
 -0.281250000      0.853110671    
 -0.257812500      0.874714732    
 -0.234375000      0.894923449    
 -0.210937500      0.913644612    
 -0.187500000      0.930786133    
 -0.164062500      0.946255982    
 -0.140625000      0.959961951    
 -0.117187500      0.971812069    
  -9.37500000E-02  0.981714129    
  -7.03125000E-02  0.989576042    
  -4.68750000E-02  0.995305717    
  -2.34375000E-02  0.998811066    
   0.00000000       1.00000000    
   2.34375000E-02  0.998811066    
   4.68750000E-02  0.995305717    
   7.03125000E-02  0.989576042    
   9.37500000E-02  0.981714129    
  0.117187500      0.971812069    
  0.140625000      0.959961951    
  0.164062500      0.946255982    
  0.187500000      0.930786133    
  0.210937500      0.913644612    
  0.234375000      0.894923449    
  0.257812500      0.874714732    
  0.281250000      0.853110671    
  0.304687500      0.830203295    
  0.328125000      0.806084692    
  0.351562500      0.780847013    
  0.375000000      0.754582345    
  0.398437500      0.727382779    
  0.421875000      0.699340403    
  0.445312500      0.670547307    
  0.468750000      0.641095698    
  0.492187500      0.611077547    
  0.515625000      0.580585063    
  0.539062500      0.549710274    
  0.562500000      0.518545270    
  0.585937500      0.487182260    
  0.609375000      0.455713272    
  0.632812500      0.424230397    
  0.656250000      0.392825782    
  0.679687500      0.361591488    
  0.703125000      0.330619663    
  0.726562500      0.300002366    
  0.750000000      0.269831717    
  0.773437500      0.240199834    
  0.796875000      0.211198807    
  0.820312500      0.182920724    
  0.843750000      0.155457720    
  0.867187500      0.128901869    
  0.890625000      0.103345282    
  0.914062500       7.88800716E-02
  0.937500000       5.55983298E-02
  0.960937500       3.35921682E-02
  0.984375000       1.29536847E-02
   1.00781250      -6.22586114E-03
   1.03125000      -2.39058286E-02
   1.05468750      -4.01240326E-02
   1.07812500      -5.49250394E-02
   1.10156250      -6.83534145E-02
   1.12500000      -8.04537311E-02
   1.14843750      -9.12705436E-02
   1.17187500     -0.100848421    
   1.19531250     -0.109231934    
   1.21875000     -0.116465643    
   1.24218750     -0.122594118    
   1.26562500     -0.127661929    
   1.28906250     -0.131713629    
   1.31250000     -0.134793803    
   1.33593750     -0.136946991    
   1.35937500     -0.138217777    
   1.38281250     -0.138650730    
   1.40625000     -0.138290405    
   1.42968750     -0.137181371    
   1.45312500     -0.135368198    
   1.47656250     -0.132895455    
   1.50000000     -0.129807696    
   1.52343750     -0.126149490    
   1.54687500     -0.121965408    
   1.57031250     -0.117300019    
   1.59375000     -0.112197876    
   1.61718750     -0.106703557    
   1.64062500     -0.100861624    
   1.66406250      -9.47166458E-02
   1.68750000      -8.83131772E-02
   1.71093750      -8.16957951E-02
   1.73437500      -7.49090686E-02
   1.75781250      -6.79975525E-02
   1.78125000      -6.10058159E-02
   1.80468750      -5.39784245E-02
   1.82812500      -4.69599515E-02
   1.85156250      -3.99949551E-02
   1.87500000      -3.31280045E-02
   1.89843750      -2.64036655E-02
   1.92187500      -1.98665038E-02
   1.94531250      -1.35610839E-02
   1.96875000      -7.53197307E-03
   1.99218750      -1.82373717E-03
   2.01562500       3.52169923E-03
   2.03906250       8.49311147E-03
   2.06250000       1.30990837E-02
   2.08593750       1.73485279E-02
   2.10937500       2.12503579E-02
   2.13281250       2.48134881E-02
   2.15625000       2.80468296E-02
   2.17968750       3.09592951E-02
   2.20312500       3.35597992E-02
   2.22656250       3.58572565E-02
   2.25000000       3.78605798E-02
   2.27343750       3.95786762E-02
   2.29687500       4.10204679E-02
   2.32031250       4.21948619E-02
   2.34375000       4.31107767E-02
   2.36718750       4.37771194E-02
   2.39062500       4.42028046E-02
   2.41406250       4.43967506E-02
   2.43750000       4.43678647E-02
   2.46093750       4.41250615E-02
   2.48437500       4.36772592E-02
   2.50781250       4.30333614E-02
   2.53125000       4.22022901E-02
   2.55468750       4.11929563E-02
   2.57812500       4.00142670E-02
   2.60156250       3.86751443E-02
   2.62500000       3.71844955E-02
   2.64843750       3.55512388E-02
   2.67187500       3.37842815E-02
   2.69531250       3.18925381E-02
   2.71875000       2.98849270E-02
   2.74218750       2.77703553E-02
   2.76562500       2.55577397E-02
   2.78906250       2.32559908E-02
   2.81250000       2.08740234E-02
   2.83593750       1.84207521E-02
   2.85937500       1.59050878E-02
   2.88281250       1.33359432E-02
   2.90625000       1.07222339E-02
   2.92968750       8.07287171E-03
   2.95312500       5.39676985E-03
   2.97656250       2.70284154E-03
   3.00000000       0.00000000    
